$ANSIBLE_VAULT;1.1;AES256
39336263666436303134633961383865393130623730643236383338393766626439383362643362
3739353938616439663338313438613633303765366462360a383562306364666663373964333236
66306161366336646335313565396330646436313834613234326262353965316166393536306332
3133393532316434610a306565663762376561393935383033306366636435646138316665666562
31323561306365373736613665616339363232633264303630323666376162393362343664373765
34363334666662336331323030663731353266356366353431343339376638623135656130333565
36346333396235613439306464396136363561326233333938333364393930643739376362626531
66393865663161353438633265336536393838383930323963613534643333646338303938323365
63613566653337663433333439306437623032323738623630653235636133393033393739623366
62343431386361623461383131623738323037333665616564396335633139656238643230646635
39313065336331643662363864376137653665353266306331356464623561383638376264396164
30663930633062633831386136636431386561316530313137393934346435313234316531306436
39633961373533323538396435313534336261663162363262626137383831363432633932313866
36613735336166636338363266376264613930363463323436613539353062333731346234633761
34623933613330366231343165656334383736333261343431396663393331643937643963656238
30623736396166326564366432356562343438666638356231646165376234333633313939663662
37643536346465646631653833366638316363303165313531363736636238616639656332306432
39303636353734373836336639313766383132376632333437653830356365333364636538633133
33343661373835333563363537363130336464663864646464613135653663643838373533666431
64333432316532303363613638306638366663313165326434343866653066646430373032623064
62313462373431396463666431653633386133336264343863383035636466666236663335646139
33326564333039353636303431363438663361656131363737623539306161393434633338393461
36633664643636633830353066656132616534663064363866333362333430623766336530623034
62646535363763643461633437633163396434646230656264303039386135636138306236313264
62396630643663323431396365356530393866363837343535633635303161373338636462343461
32316134666464356336396332336531316230376436636533643639663062393865633034653564
34653966353839363266396530363762376233396362613964663164363362386363636339663663
34396632333833383034666538393533333935353463636339336538383261653037393731646461
39663931373861343364386638386138343563313565303837363331653866363237626331343563
62303164313963343265333532383361333136616663313161353065313234613163633330666464
64643232643562663763383231323063363532336630306366383936306531366131633233626331
34313064336439363933346230646561386137303433666430663263396565313463333937653530
32383432343833633234303530313837343935653065656532636331653362383338303038383832
34336338313262386162613430336637393737326535366633373661373235356537316162613461
32636637643534626138333732313931363031306166343566663734663631393062363935343535
35663230383266613638343937373332363431343765656138663062643138643734656466663339
33623731376431353164343734613466323637306131363633333134613338333630643233336532
35613238633563376437376431616361393361623833393732623134326539323631333637616262
31373434393836363431643965376363396134623166633939636331666136653734393630626364
66623964303235356637656332373064363934636562613439316639333334343065663530393361
62626239663837376661633537666564303833333834323461313363653032616665326637313432
34373861616531333238633663636164373539346264393937623465646363663138353466333535
66623533303839333538336632643834303963386162313062333464373266343661653131353137
65316366633736626235396262646662643162386139636538336230656464353833353164353832
32363661633236303232326462373265633932333364643965656435326132396664356463323632
39393161666235316233623465636465363336363731386135363736366239663933343239346566
39306438383432386263396663393564396432373033663439646463303639376536643239326638
35323435616262626539376461393336643638616465363239633630633033386165666266656234
64666239326331383938633766323162373535366632316436646637303331393733343165626535
33316336386164646435346366623430313866323039396233616565653238306466336661393530
30396166343962356434316361626565386230643963363563336231396137373862633839636332
61646634313763313431386665643036353030396335313865343063336361653135333734366664
66323634303064626537303333643937633134646530633065643535623633613066666237656530
38353161396237633366356237376136376535373866323864363931313436383132643139353133
37623466356337386134653961613765383163326164346366383366303264346138323466343130
62633638336364323365663538633664623036656535313261343337323765613263386365383539
61393432356232646461306338316230323631333133383966633861363035666134336166313531
64333332613838366132343033356164323934373766616465343535623462313836366438353433
37653861383733316361386139313761343439303139306339383562656535356232623566383338
66373339653031333362316332643864356437656562626234356239396366643432643330316637
36623036636665663232383161373130353339636361333434323863393334306437386464646331
33363435383138626433336630656436346137613265313762613430336166333365303864323935
66386562643336613836326436663139306137326437613364396263666332333732363132383830
64616634363066326534663337396230303437393331393035386162356431616563623964356632
63343534353338343933303435356331356261633365613864626161383930303331313131393035
32313738363631356537323634356638363639376531383336373562633163373936326131343737
65663830623039356162383934316435336536393537643631373063626133623432623866623233
35376632373463343863653963393031633065333264623437613739316634303030653837646133
31313961626132363536326330393763386132613464376130316136383231323733626561663734
63616638653935383966633134366263383633616561623434303966646239356335393635353533
65656138353962353039666534393039616133383838336238343932386263663364653961303936
38613863323966386461346634306364323337653939343530633236656433313636386634376363
38316130363630646238333739663535353838666166383064643637663465306562353864363464
63613461623233613931656634333237613865336537316338386233373435343061396364653632
66343637633638626638333030343961643364663139346230323131646133386464656265383634
33396261383636616363373433616536613031366565636464393634303161353633653163373036
33663131666431666663643234636236633165623137613338303037616334396166306166613061
65343162353665666434343636363138303430343662326130616534353161343239623339653332
31323361303033656164316362376332653365313933346265363566303035333031666239333634
66373133373763333136323137363864633334386462336331396133303134643765303661316165
34316264393464623135383135393266653430643937343836303664373338303664363638333964
36653630363839643439346635623862356534663864333634643834373932373966626539656134
34633566666562336432656561623462393261373730326239393133373538333866393665636136
66653066383135393137323739386636363465313231323163363164383338306238383837313163
39346563316632666433306561326331616231366130396238633330353861306436333431663230
38323832333033303038353535333736623335303164356465353039303664373364303833353233
63633263643738376433306436323732613537343437666665353739663363643433626538356365
30306564663931643435393034323562626165306535646535633538353265393534373431656364
63653863616234633839333537366631363031323538613663623063316661616435383039643061
31343563633064643438396233323635373737326637373639633632663664623437323439356437
61373734303063663166363231643633316363303266303435333333643436353462663335663838
62633065316437306666386333396164636430623632343234656130636264333966653934633137
64363032613761313232393536316530653937313730323336306466366562333762303164646537
37376233343864653436626436623866363664383539313135616535623739356461313766663333
30383663616661333466323364643566353234663863323865616663623436316130666533656239
32343665303234373137353135306532333062336530366664383938386363373536353963663666
36643532623766376433306664636663363034313834333131393965303830666530
