$ANSIBLE_VAULT;1.1;AES256
31383437333735633637343834383765626535326638633231333762303866383463613166616335
6663356537653035376635356263393066643039373138360a396431383666343935636431366139
34373839393961643139626630333362343535326634333239666332646338663730336139333561
3631356232613333630a616331356664613835356531623534666666316638353934366530613265
36376232336636353063353266333632636530366138636439663838333930343538333664313036
36363939626566396531373138353166646337303530363963623564386564373735313861643165
64353034386535353932656236653834376138613432393065336263393331323861323665363665
66373135303766306233316464303733396231616130343230393566323334633036313364613530
31323665376632363665633437633134653336653966346366326433316563636631333238326264
66333130303763353437616130333332306135356664616362363730356465373739366561623037
63346537383736636237353261313734383636363934363166336533363930343332633139643330
63633038613133666138333138363363306334626461303462303237376338333437646337393061
31386264336534333133656261643731393837666264366130383231323062633862643738386536
62626366613261633632613239373139373138373737623564663230343732373033353739383734
63393263313661313665346464353833653861393931326338313532393461386233636230353732
62373734323336643562343833643966333535326662356333633936633935323237356335623731
65393065623266343763316164313261336336346135313039646233646331613938303734306431
36323132353664333938646231346637326163353634343534306431653433653566623536313535
61343138303262393435333232376334366630636230326135623066306137626662636135393039
33343761393434333263633330336632373166646232666531656335393234623231613633613834
65383035373864626438633661306139336464323831393664666132336563353838383764633833
30636134666531666666356438383332313733306264613434366666336132383937616664303139
31666139386363326132616434323661333662333337636535383631643437363966316130376436
36366331383439616365333263633637653438336436373530636462376531366566313230643864
39323234643136623531323831333530323761616437383732326364626531633965386236623264
37623262376562343136653964656633303665306632653564353835353663663832383832376166
61383339643562383034623136643261306438623761623233323639373530323935623239323764
33363836393837356666376234396235643333303635663434303263383263343265363766353830
65613439653235383565343634333666333663623630306466313631306261343162643766633635
61633938666433636435343937363565333336353131666261653732346565303231386437306565
39663336366166313232646362366563363862363261623937313631646662616336353766323166
37396433623035396339356162393366636630316661666434346531333563333265316331643435
65386231613064663661646163393133373530303663376430323535386439386238303433363162
39363934633934333030303365323761373432396663653135626230303163616562306632646630
30376538643436313761303735306264356366646261663837626435633735653439653066623135
31336633636164613631363530633066636263393537633839633537343566353436386265346562
31346537626564613939323032343433303737653337376566376362343963663263343839313234
66393038333933623563636664356334383163353561396635326430636434353437386532316165
35326539313637363137313262306637653361623734616130616533636237383634353438316139
36663439333833643964316236326630653762663462343730346364633161636462346162333463
30303065323135383537353232613064356364323966616139333638343934353430633536633839
66613961393833323835316631306336613565303239386264633930313533646535326235326535
65373164656638336138643961656231383530666635316130336437316562343062656538306638
37383834353265613263306335383732633236383835636336626161333933343661343836393463
35313065313361373436303633383330636330373462613132323132313130613764373462353637
62383465383130646261616438656238643838376139353638386663653036306538343065356664
36323964623138326530316237653735383239666537616130626235326162626262633564316166
37396163623035666366393137326365366333323837373835383166303030653038333161326636
61363934373664396434623430626637343632343162363665346666633662643637653430643162
35653865376136363161323261363261333634393735666430356462326166663836393534343131
34303663386661653962613464653933643062363866393035306361313839623430303966386638
34613361326534643932663432663133353663626336373538656162393330316431356137366331
37383137363063376566633031393530643732393430333465333564656435326338653034383233
65623735653562363437313737643164396265313435623661343436633739316636306536383038
61366162386331636632616263326662303839643163343131393430613830633932626161616463
66643232366162663436633662653466373832353363313165383763653835336463323465373664
63336363303837616165386637643631363132333961373732313238663831326436313662343634
30303761396530613834663238326164613739653834633065386631623337656461663837353539
36376632313164373064356561303631613738623466663234393163323964373464656661373961
39616532643033343336343235623665643762303839393739356639643332656633376138646666
38386237346239653133653661383438373738666436366134633832656262613563633030653565
31366161313162323664363932653463653939636663386138363833323735666436663961366561
31313639306530646438333263363263636138633066353930613337623332616666346335623865
34373663393536363734636536343339326230333463613839363363326630613532323965376335
66333061323039363962346565633263376537333537613466333762396131663863373237376230
38633632353636366233356239633330626365633164633237323033386535653064663336383037
65653732373731326265343564336234656532636433616335356233383733383333383836343534
38303265666133376561323762393564343564643830636666383330373963346637393833326638
66373237396263623132306635303932333032663837616366326437663835623230306334666333
30333038623030643338396135636333646139623433636163633361353338353863656263613632
38396236346537353363316138646265313036633433386465373766313536323763363965383333
35633837613235346430363863343339656532306630633133643666396664313562616139633230
33646334313931666663623332353432656135336464313732653936336135666630346162376533
33346164656461363333366365323133386662613532643138616231393666316465386438643230
35336335376662343065306437333535303437323238353133383763626335373430643830666537
65346531633733616534323033396561653138343233666637313230366165333138336462616565
61616366373066316138343335393333336337653634663637336432643161633135383532373263
37353232356238386635343339323531373461393765306335383166623262623063336564323962
34353764333334623339636465356138396533616662366664316338653530633635636632356231
36313933346666336236386261316163383635353461626661333030613331633663386263356436
62626638383735373063643933366434623765383833336361646165353264366137363137633666
31613135306530633262646234333037313136366131343734343938383764333630336333643830
66323131636630346166333531326433343838626532343634316434306234626261643432623964
63636231333762353461323639626462313363663261633862343139383361613534333134396534
39626132323165303662366362356238666337646436643236366435643965333737383230363863
33663837383661653637636366316132376637356261656162626566376231616661373638373062
65363964616630386131363066383135643963346135343465316263376336663933643039396234
63313135353037653166316530323462653138333862303561393237333539316632373235363432
64643939653138363465383333343630626264656132393138303033653565346639343734353961
37613665356130663532633934343061393636353931643330343638386264663135643838393431
36666131633362353361356439623239396535373065646337316333656236386136373736613065
37613939373564383033373036376534336431636366363862303038373037613833363133396462
3235
