$ANSIBLE_VAULT;1.1;AES256
33666365383432356530386339376436616166363130353962343639346138346535303864373930
3236646163666561363933353339633435303665383935390a346334633435343033626335336636
62373233656139383037356161366163383238333766363465373137313338613034373731333133
6563373336353931650a626362326361343962373838653137366430313139623665303732666263
39353839353233393037333632356264333565646264343432366334323230396261343135376464
62333064353731623538616433623166623363636661393831663865363862643536333362326163
36326634356631646230653762363131333030303463643661323266653863323965396434383865
35343939633039633831393437353833323830333365663861663062613433643038393237373464
32653235376430633234636636346239616133316634636230383333306462623033633438636563
33376564356464393239633037656438393963663165653464313635376535386134663234383036
30326634646239633662356431303032376132356631633434646365663737333962373063356365
37393033303931346239626537343366353164393830626235316237323066363731373132616163
37646264623636303861616563636333356137663337333363376439323534613666386632306265
39646139663037363030336162303235396636323237613838353337373131396137613938383937
32313231363334663839373932323434373334373663333366383032333866333863393734623133
39323736643964653536343432306633343238363837633866623631376563623961343737626131
37623438653361623861383061323862306231383832613733326464326438303534623666303664
39623263356563303437346362373636333631396362353133353061353261316264633066303561
31626234366336303661353935333339326632663061343865333964363864326235623234656561
65313765633964346136313033333962643733306563663366386665343034316335373065306230
38313633376161656637353537386339663561363231616635326233363261663338313632636135
35626334323538666433353732396330383436366432333532333530323263366461653934383431
31306363383536633135343433623038366365646361613831633838396537626662643035316633
39336466393834363466376665376164653839666530633439623465303135393937303730373137
65313837316135336232316666373666666635323865613938303234666335663435633438636261
34303064383438356235303037383836346437313061326639303338316532653063663731356536
38366536653731393965613163623233383838376435353032396539313238613135333638656131
39626233386539646266373035363233626630346663353437653237393934313739386534343237
38656231656536366666653234333130643565323863396632303037396332613633363537636233
37386263353337663238303564666564623666383833303030343936373539346432333638366463
31346439333965333362363735363233663063383334313732396639656332353262396436383537
61366336343136353935653566623836643630323961386464373734396530353066613639313564
64633161653665333966303038306166613964383939393536643033366237643133306266383963
66303730653266363039326130363235666461636262396465396135663666363839306132363762
66316462656266623465663861633335356430623634303030653233616430653235306134373438
31373561643837386432613931383334333231313165313630366661326131393363613335363536
38343037356162653235383237323964363361616533663466363565633466623066363835383532
37663464393737383264376363376665636430323534373165646430666265663637326462393666
66316433643739396362613864366566616165396332643135646631373135643836346236313932
33336165323562393134626366356162666163313663323931306534313938343862333432613135
61663965373432303563373961386164336438316438643939303634623465653166386434323439
36393731633563363566323734333236663531633662323533636366653034366261326337343330
35323533323436323335366362316663653266653533323465353964653939353237336138396438
37313832353561656135353563636563343831356362363032646332653865393437336161373032
36653038623734636361636337343964386436336532626161373235323431323730373166633334
65396330616536306430316631616362626637346162613164363466643335663165333638653335
66633635616364393964643762396530643434323834666533643532366366386665653333306434
64323462323137393063313464626564643532316564616530643131323231666630313663323038
31646333393730353738366535653435383335383139343764633563326330383662353032343366
38613933336363666438633063323435663138316134363934303563393337306435616638316534
62633231376363663533366330336464306533373334393935336238633634326631306366646266
65613338333837656664366563376633376330356565623839303563313734356565633266356263
33643632343334666366336165303731333664343534613639346236616366356663663635376563
33303032646534343139383633613733653134346132373963643434343433646664343030316430
66623037333464656131363231663738636630373033613339373833626566346333623539333336
37666232343865646530333864303036393536633237666638666535383138393765613263616261
66376663373661336531386231376432643938303833306439333265316263306330623238393437
37306538383332376538343736383339323933663431623236376664323162346438333030633863
34323162396136616234636230336466316266653133306336313766313435633966393837626266
66623730316330303334393033303064373537326464656430333063346266336539336234393437
39316264363663643235303930626366613230326139626363303638316563366533633636633835
65396139653237666563653134373932323237653762653235613561623736643365663865626362
35366433323465633362613633666630666137356233663464316237356463326365346232353636
35326230313462356336323632656631343331633033396162363361663032326438666239306334
33386534353764633733333761363932336162376432643532626531303164336164393066616663
37326666623164316133306162626662333634323337656535356464666632386264616235326334
64613663623864396265333432366334636136363365373064626231303566626235396535623131
65346532393666376636396162663864346530323135303736633830303263636662656339323738
33303063323661623165343030313762613663363330653064363165363034653733333036366664
34613563353561393934636639613535383264343235663136346362663865303736386439376534
31383139616264643332326237653464373563346265613437656665373364313765316536633039
63343030303837316166343165363932373036353835326165343661383363656464633861646466
66363936613139663939343531303535306630323636316165626235373039646364373531366631
36653964303633656634616135656262356363306563313136396466353137353932333034326361
66323463643536386464336532616332653830346634393835663638303737383336663565646264
34663430616330356433303462663266313738363836303836386538396534636433303763666133
36613861353666333065626634323636356433313734343466363838636563653763313861303161
35636537333733323238323337393738373238373438646539633032656630383866316634366162
38623030303137613262656262373462343239343736373134643761643633316536646535356565
64373835373064326331313430346233336137313838643136336161376533616263633835613363
30316666613630383866646130646533636632353665633635653663626161383966303638643465
61373939663661383635316132326232653238333135303963633938316433383330333138353436
62313861386261353461323839636164393962383437346262363765376464393930353133646663
31366166343561616235363961643636613431353261663737643731623137636565623734346665
34383662396330316138353962363437343435363538323033303639363939343131313033373937
34313366663664323430393430353033383534346635626432323736356430623462346139643761
38386638363461396435666331613637656334396265333830386237653365343235376463353639
33346639653365373031623730643463653165376463313632633834616162643338343036353366
66646338333530653338336534356437643538353437663561643063613466373535633430653439
34386164633336333533313332393465653133363362653938616331663565633066323465326339
37633631303262313934626635626235303462363430356533616162363332613436663639353034
66646530643162353335623065653633336466333062346234666132323661393038653039363734
63623632353833346566366566373064366131303565316466386531393532373863336339343363
34626138363039383566633332356534363334373762393433323765376464616261313234653133
62356162646263616632373537323662653564663238383264623565373837303961633739373162
34653535663836303139323235323464396661383236623164333132313637623865306134633732
35393664643635316266356161363663346234616238363163366637623133326366383336383332
64626532303534363564363037306432633164333033623338653366333936376661333831393464
64643331326561346434626665333339653333323166303434313031663238303565383732656361
32373430373263393461313865313630656230366339663736343532306334653563323437393831
32346633356639356462393137303133663463313232363563383831616136363335373732376336
31356330303530663132303236666330343464316164613431613734383631613431386535383838
31663966383565376465336338613962623833303530336261643832366234666137663130356366
37666366326361653032626466353330303665353265633166386262653465356266616437353766
36646463646466633431323237343339373166393432636334646232636534636364396234303265
66393538653437393434646465326464633736396336663039363634376162373730316233663539
31316264646565323934613038316330653630656532666462643133356338663238333936623065
63373834356130363463366563383039363539636639336463396339303862333934633735396561
63373661346139633566336230653238383131343762363833326530313532363063653837643131
31326532323730623263306536656633666230636335373537363130383732316237653263363565
37653962366332366462646162653662393938636666306434396532663963376665373838646136
30326539373731393234333332366236663536373033636135316130633364326333633637373764
32376534643139613634613363623237636132626536356636306232626135316465393261313730
65323734656138613932643439613836343864363937323035333663633437653535633334343433
36636164393539393365633332353637626436373561303331343434363165343961316563343730
64626435316539626263336663326133663833636364393966396239323735363131366135623837
35623364646266656535643733303534636439313331393863396462373933333736653964326339
33303835613065326639626133303939356565326332353432326134313463346265393766646331
35313237646564663732326263386663633365383033303234613439346238636462356638376539
33653131373338636439633230653735626263383964663234373766363736623761343163623864
62353139326534373130323364343463376463306335366233653366346239303165343937663833
34386634323534313636623635386439356566343135616439633332316338396666393031353161
38613737376137313366373962663736626239306661613436373562356232326363666138343735
30303561663737326431333634363237636266653133346262353662346363366666343538643064
62373532663266653031313335336639343836613065373262373239663739373866313734626637
31663234616130663566386265663030333865306532313337323665616431386662323939383066
33383964376565373138653435633465333536393233613361663933633337633631353035336361
65386636373965306561313261636262623436643236303132636636303333313630656331663631
33623164393138313737356362383964386562633238333032643033363637313063636136633834
64316534363731313662366635376539333062373331376239363333643466303636656464646133
34396133363439623865633938623039326435353538386164666338313231653732623862343637
63343039656236636630353633383439333331363636346664363139326466643934326631313762
39353939383135333266333631373736356638613965343134643365386166636437
