$ANSIBLE_VAULT;1.1;AES256
35366462316435346465343530396364343631346438333235376433306661373635363636303161
6336316230346635306638366333336162313134336662340a336466323330613264623136313438
66383338663637303835656133373532616235373637333530326239666538353563633134623932
3661316565636338340a316239303966313432333764633530383038613938333636656138383431
33386533633362653835313937363635373736393934393734373031666464373936656438356139
34353236326166383938373037303232623235653837616466336633666466356434386465313461
34653063313239653761363061623535396635363363393364373135326636366530396632343661
66623633303662666239356161333337353362326337376634663630386665376133373666663233
30353831663737373532636636363038363361366462663633326231386564666562353236323063
32653536316431363461336431623738356533323861353163343061396430333236333433333236
62623935653936323437373665376433343461613333343966646530303361363361666637653937
65303235343030343762643438353139623334656438326233333532656131643834373938373035
32653232613565313033363265343934366539356361336433313564333562326366376433303437
65616665333666666633323465366365333937386534666134373839353939636634616635616566
38663732313736653761393030366333303365396335373961346332326532396536663163646636
64316639383939316131393661653066643062323736393835616137346432653763343633326663
64393637643865313065306630393132303835306666373765346364623836373264316230323635
34613136386331333835323434373065363762393531623563633636323961386262613232343638
32646130633263303063356135633066623565613238373331633662386265393336353363643433
31646532386166366332653634393430333666313935306561376661313863633366373233356535
63356463656361633831353835393866383865313564333938373731323666353962623638633636
63323061393461376337306635623935366332653861356630303964396164666632323834666362
39316265636365643961393738666431653165386238376535313835663334663364363765663932
39396334633232386461316638356637613430636336313261356337393762613564333833313365
64643139343539336534316563316439316562643864393964386132323838366366383964346435
65343861393065363764363437373961623932353566373865386136373838306637383630343661
31306435323865363964396338393639373937663830653931316137316636626564316133663239
37643733613661333065363030633062323766363765623136633765323362666333353039316364
66363063363436353565646635623135666439353065383737616466366436303535626262633831
37383165633763626134613037343465363931303965643563393132343563306337376237336436
61343437363135663838313731343530383663616335663633383233323130626166313433326463
61336235333238323237386339383736643561356439313461313732643666356366353235363561
35366134643462643066646461393739643231633031383033356165376537343861663364633562
36616361626134656161653532356231383766303635643538646436393664646262666232393064
30373262653739343361326638663137303065366261613438383264316237346137643464343630
61616265396466643161666237363565383564666635343830336537363865363266326235326562
39636635343531643635656262666432326238346538316565353437353436333263383063323639
65393739313863323934353430616437613336643933366335343161353438396566666261303861
38313736376561323831396239313562643761363061643235376134663261653737383631353332
66303337663138613033383264363434373065386230653431386131343239613762316562326266
34613735376433386531393666633135366135353037643962323966356165303866326165646335
63653162313932356233643363333431313933346433383965643638626164356565643164313836
31306335353433613938333731343366323831646335613561363136333833313135626563613731
36646563396338646639326635373061643935303332306566343536306632336432616538653737
31626534376639633636383966663732343562666662363037613730643132373831326361386632
62313064366432323338653931303765623530373430393462336630383035363337363632326138
62363638366130626662663934663963353338333866303865653263643534663338303533666265
66663866613534383732616565626130653235313165363838393365613533353034313262613336
34386565393838393237313330366161313062623534383137646638373336383661313432383535
38386337643863356130353134653264363265663332306665666661653532643863663430306530
64376665393336313963313035366166623030626164643262323966383166383830643735313832
62646166376634613965323038363836363037313134363539323065653866366437626666376637
34323135366335663065616162646333333364303035626230343439366530383764623731663337
64353631333663626231646565646538623630313736396465333437333835373865656264663839
34366335373138386438343331636338363631623630633430656562376365303835356635313363
65373766383136613038663734366538333763363138383165323630326234313663346332386638
64366230666134623431313236373735303333653365323161313433636539643363366237663735
61653036663130666564363631373263303238633034326366616262633031343936626636353338
38636434383164393430373566373531356535313338363464643361636664333636326263326134
33363763666262363238633563353365646563663564363938333034326332656334316163366334
36363336623836363861346539626631376466316561313866336432396563373031316634336639
66653662653235366136336462616666333233366166376138343663613062303662383865303766
33326433393535643661326631383236616336336439333364656335373266333539303434343732
62626363623539326434386130616338303333346331653165626431323436623238643566303930
37323666623534396164333062333166393838623934633763313730343462383239316462386233
65313834333838653632303731353765306234643531383138343236356134333831346436616431
32653863336266623061383638326639396239613764303163346333613031303962396238656134
65396237396535353064626536343338316633363066386264646530326366303936653530386364
35333661626665626263373439343632613636663465663365343234343761613833633838353230
66373166356662363266303331393065626136633539343237626666636161643762373565353633
66316435626161396438383464353634353266373062333738626235613730373339613534666338
37323838323835363166633463336234313464396436333634393839623639633733653362393537
37333762653738656639303661363531386365383137323634663731313966306238383935626666
61623261306131346439373632636630323436386464336266663731366661636537366665616334
63633130613563616362393262346361303131653865313534303666666532636331343734393635
64343561323164373238663161396461323438386462373461313733663565343363313661333965
66626131353864626537376665323163613438653666363939616631636335666266303064366432
37336562633632306534303032383465663930663635633366323036323831653231356666396634
37376162656238653061303336653366636337653437363931646338323634383731363336313136
30343962313832323663343032616661663861373763336262636335316535306234626136616236
34333962626465333366623731373264333564643666393865303730323161366231663331323361
62643161303838653264306536373430333066323436313435633962393666653931303331613632
33636337336362383166663234646365306465363135653137373764626431303232656563373230
35386230333561633964656566646265373264656466623161666630613663333831353963623431
34306561306162323534393630646633653031613635653062613030623163343737313337643765
30666331393761646233303138313837333762613461313930323665316165326664646464303735
63613265653637356439313539633431646330306134343432626263626465393863613233316539
64343634643338306263656161623139643634316564343037613334633434653563303930326262
36666131663962383935616465663964373064303735616636353734633235386631393035323836
36313864643362353136356339336231643564333063366538653161356239303734333065663465
31313266663637373834303132646666633765383336303432616364643430336135386639303030
32316161353639373133646436643234326234343031666166636430626639316161353839316665
37363763653936373963373133333365616232383932383137326665663264303634653930316666
30313763333339623164653336303834646165363364646234383934383838623831306631373862
66376138663234643539636230613466383064353766313965366661373830313037613765343839
64323230356166326532636365383862666631333233626435373633323037396337656631666664
63346330343033366661643736333562376630323532373334363838616531666265643031376166
63326331643336323930353533323436396466333539366665623032303333653330653739393533
63363132356639383866336431383833326261616237636435666135626230343265636138353762
66623538303231366332653435336534633431303032323038666535663463333462643337386134
32636532336636326531386235656363636237376162383931393735323063386532313536653261
38383034313061326364623034636431623430633036616133313438366535363537666162623261
35363433643662616532656231326339356438353534646131326338396631643330353861633064
62313761656162386565373563343730393166353166623435616332633731353730636264363731
35336462653332643964616565396262636565663238636239303331366362326565623266623633
32626433346264396663393463653862363864383563633532373839326566636264333837376334
30613838626164343365346565323039333832646632323264653938613733363365343366383066
35363131356634353563623332353938353364343262653362373631636239373961613563373664
62656331653138373663663137333332383664363465363131663362653239643130616463373861
36616263323331383435383866363066303265646663633532383665333932353534626264376430
34376266613965663131656534656435656531643366363466313961313632653966363838333332
37633765663931656663653134313433396639303433663962303166313334316163616139636331
63303833333731623030363638636131636330393133373633653039336631663434383738323630
66646238313064383936343862396232353434373934306537363132343837653764323630643934
35306333656232353962613934373466333563343138383536623161346237346135376264383632
30356466363766373865643531666636373332316230383866306435346633396433326562613134
61613930336165396562666565356337646363383166336265393033323932656439323336666331
33656333393831633530303536363632353333363632383930353636303831303762343934326166
35663266623736343339373236376237383466656134343735633662623638373664316237643138
37663535636663323336656663396264356333643262646330336437373365653438653031666437
62343234333737353266633433383239626536393238323739326237386436613235316237343436
61646662626466313437346465363939316132346161323239336362346163303436376631626639
31353738636435623931333565336561643435366337343032383530656230303030303130336232
65356165363235666131333636303831633466326436316130613164643139303434333934386638
31656137303832386636633530656237616332323162666137333364373336366262313761306262
36623062366163616533623831613332393631343234626435323230653263343639306131326362
64303264323838653336326466363465333235666265623537363937646663643036666633613439
35646332653235646334306466633138303166303132343165343963343061326666346337363464
64396331313664646462323336356166613436616439313438366563373839643162613066373532
37383531343462616630383039323535303061643132633735393265366436373530316464353439
31303164376363323532353532653737343262633431303134663538343735613064316361613137
37313731653738303964303836393264633630323437626263353731363264613661636234366263
30643165633164376638333637363835346533386434366133306434346366353230303939396335
37626166646337343532643933336362333231653039336263383563343765616365373138383639
36623462356334646131656431383638663166333262653333613565653734363663616665353566
33626132393035386438
