$ANSIBLE_VAULT;1.1;AES256
66633064613661313763643862316230396230613962383135616465303665613263323761616338
6331633864376439646366306365386162333661613330340a656262353631313737316432326130
64366135656432323462613832376336636238626565653035376265356462306335643566366463
3463616233323630640a366636653135333063336161303231336335613365623665626436616164
63613966303633313562646533373035653464646563393239313364356136303363343362313934
35366261393531656631646134363263626439326439366361663762313732356139363034386537
61306536636330336636353837666434643136373561393462303633353761643330646262306233
37626539326330323938646334616530323338303965346235373234373562373463656133666338
32613230366636333234666132376466663035653262636135623935643666353539613565383637
37616233626161653763313935643930343532643432306564626534373463323962396534356630
63376466633333623234303639376432643738316262643931626464323062653038356661333930
63623836336433653033343162306636663636353665383061353538393631303835366332633135
62353236303539376432363365663366376239353365356562643666303366363762383965363233
37336662663366393763656337633662653134393663363334646539643232353037396638333464
39373432373963363663646466653961373038323038336532373764666234653763393931626331
64343564366638313065306463323561326230316531636331623261653531393136626533306637
33323830353333613533623361323230383033653934373435346463656630383338626462353065
34323065396333346462656666303162343864303734646435383864353463643139326435303430
37653831616638353265306664613034336565303337353866643761336266326536326633316430
32343361373836303932663666313835376530316230656434653662396465636662633463316365
31353761326135653565613836376634313331393366613438616634383361626462663438396131
36383361653331383463376431633136373562613236333530313162306535636334316363326230
31393863376233613261313132626130356435396663616137396361396130333332656361323435
31393932323662653432663332633437393137326562616562613164346139613466653465646234
63363238376339363233626137613165386561313163646466613130663134636231646664306639
64363236373435656438386138346165613735303566636262663365613432643965613731643934
64613032316262323535343937623337326263333362346137343465373336623162633738346562
66616161636265323337363631373364643861303835623137376434633133613330396136363830
62656438366138386538343232303566643635373032383264316136623233363830633562613434
62376132326530323764333933396231636432373365356463306133353365393361333132653466
33623731333263303339313831626663336263306233373465356335663130373536313439326661
36343566363834663836653936323634343037656634386631323265386564303631346437343639
62616363333532643239666465383935643935363934373263306465343932306462656434356633
38373833303536393137653537663534356563663639613361323262326537393364323330343466
34326361346166303936366636636465313831353737653365643535663464633065303837386436
31363431313332373430393631306137336665633338613732356666393833356632383530383939
66336430336461346261346433393337613764663661656136366139666566313266313963353530
38363536656164623538366330363033333938356139623338363366333461643739613035656230
30653132386663616265393730353664383632366236346137666130336132376132323132643433
35636438383334356136363432393964323039656433376232383137653161363861363162663461
63343338646535366434373364316466316230643339313333323362646466383833353239303938
32323739383663636237366166613332666661313336616137353365306639336237653633323464
34356165643962353830323537343664623364323136666637393061376333376461336133303439
64643739626533383939383861343033366331363135336362373365333132353433636233306633
34356663346163363630303432363166336236663737373338663461346562653462313638643339
65373230636462363235336335663364306464353632393135333039613966643331303261313539
62613438313039353331643831346534373363353762363166303433653134353336336639636438
64396636353165373338626262313365626337623933353934633135303263616335303931326164
64343136323764313763336666613031656165323532326666313932306436376136656336616433
37346330663931643862383936323233333133623938623163373362326334303765373332666138
36393534663034626563366231656532306163373338653463616336363532363439336665326434
61616136313366393038373663393531326566626632323838636666333863353664653839666464
34333565393365623537333265366365343166353832376537653431663238343532383432386135
64633065333932303531616634373134363564383339626134663263376265626363383035633238
62356566316238663462356365613764623938336536613439663437623266653438333238336563
35393064363366613239623964613034316361376532376236323531313935633638653031396361
62666139373033366134666161363835333262633266636364653737636432653166303565323362
64616331373565356139643264373131613333626533393162663936636138303762316535383131
63366563353836336339386666373533633832653566383265626132326234623830633864643666
35353039363561306363383766366637323832333734396539303733643731363861343538303838
34346661383435376261396633613835663038326131383561613866393362373036666635663434
31643337373939633737343636316361323133323335653533373039396562343836333962343066
61363730386562653462663437663236613961356635636438396363386337373166636535323734
64363737303166333066383866643936646337623736666336643464376230616539613233396636
61613132653038633161323137383434393162386162623163656333386137396633666635373733
66636631333333616535623937363437303663326361396238646264633938323063333930646363
36643064383761396630656336346436386265613536313435353332393032376237623563383136
37316165613832616235356631636231646432383336646232313637313832613032306161393965
31303464356134356534643333623939363630346361333531646139643765633734386238616361
33383237336232663761393834386135303339323362643634393638643638313633626335396133
35633135383962396366363333333036376266373666626234363438386565336239326563326662
37303365346365333765366135656531653432343237313864303965633566363834313066666137
30623339366565663264353134393962376164316166353062663465633030653563646362393235
30636137666636343165343266373032346164353438396364626537303032623666386538346336
63306133623166396461303938636531613765653233663530633833656632663238323931663963
38326335386236343635386361376433323730613032396366356531306163366438613362353131
35623138613963653165373531636262326665343763393434326634343136666336363234343939
38613539323138336162613931316139333335303132376336333733383038303761336334346339
31666334653961626134353830303762383031393736313938646232376532303138333932386438
66623337343262393066353165326539653937383931656133366537626562316131323030313361
31626238323335623833663566626663373966623637383865626265333834636463643837373965
39393535613961613430333731303264323032363938343036646232633731303935396564636661
37623964626262336433323832383436316331353965303163633466346430643138366533363265
33613664353937393036346139643566653337306431663138646137383665373639313537333262
34666236663864623135393663663837343031326466373134373832333264666666646433313863
35323632323038313139663235653239323662343130383664643535303161353031316231373564
38326435326564666163316339343237373461323333623861633034613064316363653932336361
64613035646466383238393062373538306466356536333130306634383166323833646565653665
33376535316632613066616661323231386433643662636338333863333731346266363535643738
39623134643734396633376261636437643233353137376366363662313438366632303032613066
31303162666238346363616635613539393430633630316334373865386534663032393130616363
62313366656466366430393332313333346365663936356164666235363066336131653238353161
33616637626431376664303331646664383332393634313034393831323266333534376666353465
31303166663137383764323564326431303039643265316532343538393634366638646564343034
61636338353766343539346666653330646366626438663335653432396534353738653533636137
37323732353563366166633331303137633237623334346664326331366137326338646164633036
64666461306261653135326366346431323336626335303363613762663166326431666535323862
63306538633133363166333464326538326137653033653033316135373963393265616638616232
33623066323934323034363639376337363166353937383339333136396234316231346231663263
63346337363362306266623034383863663063363765326163353864303265303462353136626363
61343739666131346631616363306236623335623665656139393930346264616561646234316139
31353366396530336133313536393936353837643665363761333632343737306430613236613063
61623664633964323331393837316561613163663530313461623531383239363233643234393762
61656338323832623535373535366361383537393737303930613338386335316531306334616330
30353763316431393236323534303732386261646231626664313037356236313661616438656430
64303464306263663666653534653134623965613434663739363039333035313461323865383361
63643865383166396264323833633739343937613637653661336134343039353465323461316466
37333631386366323038313865323235343032363537363037343736373739646635313430666631
63393239646439386564636335326630393164343239636238653239333465653562623034653565
35646562383531316531636530643363356339353930383963643463613639303238366265346265
34336137343063656366653438393334653835333936393233353161653161393834356337373861
39383139323934343536326336346230326566656339353735396134623730393463623432633939
38656663663031663638396466653663316664393764636361383635336135316631633132316364
31326262363832623234306231646432636633653938316265623534666562316431613935323534
63393530663533633966396137633865353839326664343736646666383331333637356330346536
61316236616637666463663330386335626433336531363038333835346230383637316263306166
30636432386135363761383431373035366461633231613565313532306562376639666233333662
35653434323263393562626637666461663936656562613465623138333766363339336430343533
34363839366630333033656130626537373665363864316562353365343565386338373035316264
36646533383233663431393865383436643834333961356366333863646539656234613836326534
63363434653563613037626339666539323363666162376335663337356531353063333932326236
36393038316165396664383636633166313933643163373139633266613332306261333033303261
35393966313362333935346162366433306630336230303732366166383261303363663838386266
33623836626436616364303766396132613239393934393161343837323233616137303064656639
63396330333737613938626436356438373963336330623262363137613539326630393462333965
63343232303266303832366261333731383035646363626338363039666136333866323564376363
32646565323263343962343831613564656133653230333563376333653436376237303862616464
63383639656366633464656535373739393531383433326565613066353861346335663338616132
39303663613433616662383235656163303938323831643636653932383334646639646334326562
39313637666261643830633634626261633331353161643835373934653830633830656566656437
66656231643637376230646438663734343462646263306665613639613739363962393161333261
38316136383633396465633635653139646136376630643530666239386237303636323734333938
34663931663965316232363933316464393565376339343061623536353235383632
