$ANSIBLE_VAULT;1.1;AES256
37613630646337383131306564316636393063396661656132306532383136343434656431636436
3763356238376664346338306234336663323136373138370a313866633262353465333137633330
38346637343839303735636634626438336535386264353664626637313530336136646165636263
6139326461326633330a366265326133356563666565643631663565633864383666396231386338
65393065623062323666653066303033376232393366346639306466613232393862366631306432
63663937376531363962316664623166656265343162373534373236633939393263396563303932
62366332326436323836386234313261306134306664373232643537623732366662323665383632
63316463616139633734333630373166303737633938313637313737303431393134356666616336
33333532313033303638396131653032656462616434343238646634353935333439383733323630
66366536383063646566356437396539643866363764626233383866336633633739313834393865
34366133363031336439356535346337356338373933346561626433656361346565376136663566
39623966373633643339323331353766373534353832323730663761333736663538346537643936
38633636326662653034333237333166313666663764616161393830336235653734323264386461
37376637306532623234316566633061363131613533633564636633626331303034323165386535
66646439353738323862376333373939353234336638626661363335373666333735353232663338
66343439306331306363333736643036376436396461393530643434383465633035666238373365
62383866376561343833393536333735383234653638333066306564363933613635643135656531
62656363343239336430653465363062616236633237326139366361376362653033376661653261
33316138396435313461653439376361346335386265326461623534336231346563656638383938
66613036303639336566316639313462393035313063396238383637376632316331393630303036
35663362356634376135313536313163376564353939393037326264623233666136653333346138
39303433303066353637336330643966353732663965653934303761386431323938613536383236
61616338626530323932633237646230626462353237383631633033306264386238623566366163
36376461663336643539643131386235343234656633346662326330303065623233343464353862
35333831643965393365366166393432626238313730303364646237636366323630666538663662
33323730363263373965363264656431613462373437616135333338343061386439656564393931
33363234343532623838653831613532636362366238643531643830633835666233623632333730
30626162653132306266646130313761306662353763626264383535626630386662323938656364
31313165613235653238636135333536303537336265643530336362393237363762393135376565
65353132313565646166666532613331393038326533373131616531623630396164623334643334
36366637626237663465373339303063383863343963663466303831636233616233646337643831
36623435353430333464396635336235343463316531306463633265626633656666326664646636
64356230346132333535373938336362376133326635633239356463656630356633343439663264
65643033343934663636303965373965316365353730333838623866626231363033333066643734
32303836343732303162336166633435333465613964663438336134303864393665343136643337
38386230633161363361653062643666336530616635353736616261336362663130653336373537
64333538336336346565303530656362323131303335663039373136633131313131383131306239
34336564393064633037393739336237353039376565636362373461373731653564623033306334
31363832363263326165633562313138346333626135393631323764313634656161376265616537
64306332393531336635633139343030643433616335363831666639373934356334383539383666
37333539616332383537636164396561383735656339646432383866613065646231666533303634
32353862363165636564643064656133396134336163333237653138633162626435366438346362
38613732623335373039393031613064336562373938373361313966306466656561383863343832
63353763323561626439653966643963303038343032383465633661623161383139633637313035
33636461646231613061663533386539356533336165613639313063306334393334663539303935
64636461643431623234346565383132633730346631633236633630646464663136396364666233
36306136376436336431623832633364363539313238663636656562633266663165383333396239
63613862393164303162363932613665313361323935633162333230363338633361383837666632
61306130636266616532396435623135643132313436623430336465396132396133373039346164
36646362313632346434333534326565323331386361323766653034623163363336666566356434
39386266663233326164666466316138613639653132333030386164623464383964363762626164
32393630333430306532656636393561623261363038666666393966343333623535613337306136
37643863613635623966356562663865313139383864353766303561323733386362333062336665
66376135323262393762356439343238613831303736336430303439613132623833666563343135
35646462643536323431376333396163643632366136336333393263303161373032363138313632
33323336393062333232376261346366316537373962623733376539346133653866303037333264
61623232383239643432376461353362656166666262323137623331363562633333373737616131
38306266616663346438333562363766353365653265633666326133313433646130303635333439
38343331383663616534363537383436353033653062643364636439616237386635613566623038
65623737636130663264663465626565653430376230383864616363373166633962356362383239
33646631366165643138316337363535646137346261303438666333366230316233356365663335
62333666663737616334316333623535313034383131326532386264653537363562323363636262
35346562366330393239376462306530643861386231646336653261666562316530386635336363
38336133653331333866653364333663323963313633653531333835313838396265626563663862
65383562383732396537386431616632633039396163393132643036336266316564623537663030
65396339633738373864643263623130356432363261363565316264663937303261383633353132
34326330613130613435393063353563323334356432616631363238366262653635653064646437
32656539333930383835623163343333343666383839303533396533376135623535666265353263
61643332336138383231656631623433393437343830653131353439646163623133313962663465
36646131323934616261653062343337633736666636626638656436623232346136346138333731
31303263303636323336356462353364336636313130636665656435663063646366336336356138
63346162326665356436383935323539393765383165343765353963323031646133356430653963
32313439346463323963333165653666326535373033376561613762363633356337323738643365
33383131323530333131316664336331376632623763333065616231623934346439343763666130
31356337323332316437356230643665323338643030333637383666643439373734303030336637
62653334616361323063383162346361343535303631356435333633616536306465333065313439
31323563326462393839396136613633616637323736396431653830333764366637356561656463
62653434346330323734396333323538336162303063636230386363613666386332326631313831
38373430333737663962643761356631616437643265333965616462326439333164636530343932
35616635373862396366613564343232666362663263303634386339366463663663396161323339
64363861326331623861623963616133373361376365386639323939366534656538376430626338
65653736306366336132333532393731306432666532316263633035343434383532613762646536
34303963353865623936356632383433633437363162636130666436343039346632316164393261
36313265343431346332366639343433313964633166626238616363343337333932333536666261
65363831396562376639366437356238373437386137393035326235373239343061393864616465
66623331633733653230376134653666323937333639653733333238616162303862333734623265
36303963353433623033376330646634386238613536656365336265396330623636303532663063
34376234346532363866363430633335633964636230363862313134303566363835393463336532
39336262656337623338626563313864613563326136633666613061343434393434336638343861
61613437373764633438343334626662643639323465393432646438626663623261306332316263
63663964326264313433353531333262653033656631353535666537656430663739323735656262
63616339366666613337323263326132663961633061663737326338613130353564333465666231
35323333366162386665306134303832393133333964643731633161663864313361643236323866
30323330623439353031656337633931333434353161633164343635383231383430626364626563
65363366336165326339653339373834363665643136373361386538363939633233306563663836
65323536363666343763653663366436383831613231353736333065653866666666306138613439
66663535353932326133316633303264646637396665306537633266303863306264666635343336
32326536633435633233303262643238386537323535643631346536386466653238393631333662
66336334323339333961323633343264626530643066346432636532383366636130323831613539
35376432323131633535616364373438633663303739633931626237386331393132636137323766
62393639363638336664623233383265396534366565373831316465613965623462323437643236
64376338316538346433346565643432396430643831373434316361336266383463333661643134
33643165316230373665633765333433623939643638623263636534393830393262383433633638
32613162646132323736636462316430363963643631383338393338393635363836623133656337
35336135323039383661303730636563396435396662343431643936663761316165633835313262
31636466613338613366633562366634306439353562383234616330333330646331653730373066
62333534663932363634393137353336353663366431326330393632356336313364663139613732
31643662633632383638386161636432663532363033393539656461633637306531613039646631
35653966366436623838313466656361363536383663636237363432373262666636633131393133
37393561353131663133376265326239326362623534386335353364646665653966373333363934
66393463356463326535383164386366343438363763613563333031343634633863383661343038
61356462323533633335323833633639333564396534343262636333316265386236336430323833
61383036373038613266353030646436633064303032303638323131663232663133396132316431
36326330613230653130663539626233353732333862336137393366346262336662613037363836
66306539363263636530306539303666316334306436393138366130386632626163353637623331
34643963373966313230366130313630383139616335343036363938356364623833326138313464
30383431393464366532386635383937326437346337313731616566376665336562633666396261
37373565343032663439333535353037373234643239653133343261626231623237306536396666
61396438346366303964666163333361376138313763656262323132326561353937323039336532
36326566373136306363363938653931623036623965393839373732663262343366643161366630
38656635366633663338313638353432326532653630666337346638386237653464306563313132
38316331333165376339653731663339616431333630376238613031656635623334373264386466
64303761663664323435343766393935343532313738636161353264353039326133323431663465
30373666303735656162383930323961663761666666396161646434653364373238653961366561
63666265363561636133333531633163626661373132626564343063303565363938383063613761
39643965383964306462383739626435396432313035313364663633303564303730323732383762
64366536353336633061323061303165626637376464383665356466323062303361613838613330
61326531663838383163326435653031633464626162653461666465643866643537666134633538
63383239346263366131613939386636646363343236353862666462363737646533666631363336
63646139306234653263363566343962323036393431623365656566613530356334656265313563
64313730333962643635623631343665613934663431383535393837303232356634363934366266
35383932643938633139356530623032343430666132366534643763333232313962333536646239
62666562376335653166663236616362623133366365376439646662366534333839
