$ANSIBLE_VAULT;1.1;AES256
62336537393735636638623062343733333036303365646132653038343736633263656234636463
3539636264323935313537333137666463326438353331630a613339363532616461626230323733
61623734323736346466626265333432383961396462356662663366396330373337383264636363
3062333763343937640a383663356631613163373165396461376566303632363665326531373563
33643332366265326237643934356137373762643763396433353436353164633333663564353833
65666531336536623434633163346130633231633839343133356430343864346161633734396331
33343031666332383232353536356535353639363663663335653862633134303164303331326165
30343730346534373531626364396231663665366430666231393461643735613462343530336332
65333930663033356234313263303037636535613665303363646666363839306336653361656134
33303530346266313164346439383535646663363933663538376666653937653438323732656139
30626662643937393263666331643231303666613365373631353865353665663835343830326166
35356561323065363365393134333064616239323730326362623633653434393732386132353461
61666139353937316237653062333565356231323466313562313333343362613230633764346664
38643139383235656539663266316439653734633036386664616264386561333663616563303662
65306136623136383034636235386431623763393261663962353063353632313062663634633330
31343364333836303631366163666433646662623862336231336164316635643463613361303562
32646536303236373430346135643834396533653338353038656665663439353363656137396538
39333434376533333237663263326334313838316164623932633736383336346465366261393066
62666131663331656437353338343766323731306631626462323635333831633932666430373434
66366130343432663566343434336564313039376132303735386162333835613039383934393639
31613432353139376330343938386333303161633234336365303962653833306561636361623132
35613865386134333431306138393637373734383339643539363061373465333139616332323563
64343864653232336533383334346636336238623261363561313036663431353564363331303937
35643262636263616137383337653662613866326335663131646664623536383664393137323933
32373539653931666633366663636135643634386132313635323962663937633934376530343963
32306232336361653937616138366236626261656638653234373638656663343335663863393631
32396365643263666261313161336166303335643539346138373266346261363261663231376164
35313861613564363039326331313131353439323631306138343535333935366236396330316665
34636239343761383463313466636637333930663661326138353165356163643636646437343536
66343964663730613739663438363164376161653966623734663762323966663138366132373262
39653339383862616132336633653866326662313539393738353439663162386235393261343435
39326438613963336463393863626664353635366562393332643833623562643231363038666161
38633962663932363131373738633835316562396562373533366364633461643337626264633239
66363162626339613332326538363766656366353562636361663739383134393163386463633632
38366561363465383435303963333262373166633537363266393164666230386239636161333962
33643535303737623530323433326461333039366662393733653362356439343536346531363136
62336663306166626239343233613230643839623966306239653466343866373437303932306462
36666634343133346235636231383765363563363261616166316161323130613962363835396138
33366538383666323130313031346135663734653932393664626339643134346137356233393538
63626531333238383836656164643032303461343639663963386631623132346364366264373833
64643464373863653439633033643166646263646238363062623937633461623162653031303661
63343936316533383663323931366339643732633230646130613961306334356434663965636331
65346364383138303639373963346638363266623161303030653831366461663539613762343566
64623139366231393263346464393937313430343262616232666435386465353432653838633638
61656534303164336165313737383733613037346635346335643961303139383731616533303837
66323438333938616331346164303033633233363935376433643334373866316661633733306561
39316266336433643539663139663136346139316366653532376438303036316232613663373738
36633563383538376531356631393663386430323630646230613430616562663831343461343332
34323461336438666132356637393362636339643064356466323632656563616461633535393937
32393132643735333130316666306365656432386130663661303339353737633933386666343361
35343430303133303634383132343535356239336461653235313232633830396464613966336361
34333266383334363033623132386636656235393662623065666165396330326535373966643736
37643064633266316431663366336234663331373764376335366231373933616163623566383235
31646637303737343332656131376131643064306532646332643637373730366337303762656163
61366566346564383030633364613964643161346131646237663937383635623861343065623030
63373038343262666533376535323036366439653434346262323333396236386138626338656134
61663836346564313061653231323466396531663837623865383831303932653862306336353530
33653565653534353361393130656639643565643337356138653038646132366266326433636137
38323831353961663064313563333939373764396466636162306335323836306630313632323935
31363966373533346566643566386639313537323632633266376462393930646336623335303235
64386261333462333531613862303630306361613531623134636435646232303334633062633336
34383563323835323066313135313532363463353030316437336530376438373933376335666334
38336561363666346161326163636266366666383961353830383161363630623730363033636239
64653336333136363535373364376662306432613766323932633136306439303936636338353234
31393735316237353432656637633830333539393863646335306132306634663733316633383765
62396464333461376665613063393137653338633433366335626331643435346566373936663731
34626334633663633137313931306263643566313431346662326562616165343439356338356633
61353861343962616339353437363531363332326264633531386632333136363230383661356563
30623664616237393861343134666366353437376231623265323462326333323935343565323163
32626430333632326461343262656335306234636230643636383930353038323462313036323437
36616461393865643865393139333863396333383931323263346166376639316531633432316234
30323763393261636361383964656538623735623039333665393461353261386466313736323565
38646135626264623037356166363530666530613838393638323065626237363464323336623038
30303631663931663566316131323430383336386434623032623666643034393334386462313539
36343264373965633763373830323636316463633131353366383730336665313332656262613664
30336636333830613434323635383864646535323832393332303662653534643837333161663334
38373666313161343330656633616137613066653931656366373737386639396333376630623665
35383761333136373337373532386139366438336135343835336138373763346134323766396662
66316264363432613239323632346361303036386234343465623363643664323661623965303036
62386663626163353737353864623537643738303866633764353530313331303639663031313863
33613435626366383234336233386665663736353738623635316665653663396638636530656162
61313665373462373136393036613834653431633134633934646139383265356561623032356161
38393431643163616266616363666465386536373064363836353035643035316665346336613062
39363731623934316134353530333833316465336132656130663535366431613363336332353437
62623731333739633362383166663132623034363534366535393337633036306430313966613031
38343932336236636664646231366531353261316361343962323333336537646139653833643337
38303135653433613861383234353236393064343462303532366438386563383435636464623364
63633135653561646238
