$ANSIBLE_VAULT;1.1;AES256
30396130366461313662373537313463346462653565636237363364393365316235393335346439
3332643966633437393333386566613136356463323562390a303466303736336332343861373430
61396435376131343736633163356231643663393664626166653461336462393531613037663832
3061376238373261620a353664373832653538383264393936616333313234323762376262316265
66646339356539323164303134363932306632333933623136643033373231366637626137653531
38653338376333666638353832303964653234333930376237646233393431643434363039633637
34313434393036383636343161643533636634356264306136353833393435613632336266333537
37623939333734653437313035633830333462656638366565663831343162626563626233653939
32373537383739343863396361373236393833376435656133663961326330353633646432313537
38323837653430336266623864653631356565343065306463313538366138376337613334303935
36613033643730303230643938633236336338376337643464636536373362333963326631613234
37303633616136343763346664356637393662656464343265616531313232383762386161353230
65393838613361643931383133373131643231316433363238353434663565653464366262653761
33623865373634663236353835633632383137343863333331656631303637393030376633616134
35353462616132326231313230633335383162663966306434333830396637346533353464663561
32656638343435623561386361396534363237346161623862646536386133363739646162336561
66323131343566356462323164383561353033376530363437363563623264373936346661343639
64393962626536333432336538393864366332386464366435653265663832623065366166636433
63366663636532343461386137633664333930313634343437396465646563643530306430373331
62613438396463613364656532333530646463383265363964616436333063303035643936396265
66643562613633323965356331356364313930326466306466376635343266303331343163653530
31376131353630323263646132303063303966666265353436343639656665363463346233326465
38613434366462636436353765333930343930373538363862646137383730306566333033373163
38333165316636353538366535386530333666343539313935313164633264353536613466326464
61356639303533633438623535393863363636623964393664333038343564373262616234333432
39353235333061633335643631646366663561313035333238363764633365316466336339653864
35323334333664613835636532393430646633666336396161396332323037313033386631316462
37636631313466346330376433373532303137393032376437623438326566376633373066373462
31333637613530346530383633353938373962326234616132613232616333633335613538306133
33366132643663363863623030313335643132373461303035636265646434663663623763343339
38646663643164646234386638653934643237326133383061313264343462363565313639653134
33636464616231363966636338613938653465333037633134313864626336616166646563336338
33303239333033306162623765663866326133653133323662303235613836363234663438663830
33396237343535363036363233663261653535653338353436643334666230373132626664633866
64663337623363613164643031396439653437373066373130383538346639653330356563363337
37343566383163623366326363656534316261303538363564623361643966633732303566313530
34613738316261323736313630623036306235333439356636353565353431393937336636313361
63333330343633373433336139373362383731393966663539623436363739336638653166623830
64386230356634613263303466366330373134636463623934653930333432353963663334646431
62313862643836346638633765626135363662653064323239636530613731663566303736383061
38656331303261386634343661303339376432326666383033313761313333353331383435383039
37636565393538613561303938613266333932613664633530386661646162663439316664666163
37666266383662386439343634366132326437656432666338386635383736323862343936396264
33663731323335336335663232656661333066346433343864306336326536373933616134346338
62303866656139343663316238303061626630643130323662346563373162623833363537626232
66353364623936363765616435376635323036356131366632613938633538643439303737363233
32333130666261326539313366616334626338346635393937666233626165326335323863323361
63323161373831663439343531313261326531656530656532346665646339393937656339346365
61323330343231393864326265646664353464616631626235393236633962653631373636373338
33323365616239633939353365646337366331356138343431653936346233643263333839363833
31643963616564306534323063343031666565616564343838383165353362396437613434653833
66393332333930616637643336326530623837623536653134383738646331646432643464333135
61616466653664366237323465653066393231646663306263663931383934656630346130316663
34613266313234636138336461323166653034623563663363613133383737366631373964633233
65643437316333383931666366343936393732393064653662343536343664623831316263623961
38663866636632633538353139303637356633313563613438653738633332316566316638363737
34623332343938663462303433353639306436346333363231656361636134623637646339396134
35613932653563346231333566616165336237333439646531343364613931333436373938373761
37393233643966323735613665323935376336336366373766643635343830353336633132313962
33623763313237323737386332633831343562653936613632633831333035323736353434303263
65323162356533656139666339316161653065653337363463636339316232613939386264346663
33346538353436326430356464613339353132333935653232363963303930646536656662323731
64373339333466326666333735383366666436333238616137306361616366326634306466333731
33633964656634643431343366633238323438366464643332323861333536383934613332636236
62306261373530306566363633366161383035646638653062316439323432646262356133626662
30333038616361336634343031666563653863386464363932393736393065663337333436386161
35616436386166643765333537666139376639653834393533363439393335616138333664623166
34316164356134616438343937373936396263323938656164623036363732653936643939646265
63306633313134616565353337663162303430313730616663623163616339363831393361636335
30656439366334663038663332616431646636353633383636613339653938303965393965633536
35636533306330396538326630356531333538663136313730623839633032636662383166313431
32303634323336636261653430396432666437383561343435393234643230323836333866323161
33653639666465633164303639626539643564613563343731643738613632343664653436393937
64653933663530343565353662386533663161343736643262383734393162663165363562333863
61363638666466633064386262393236323861306335396537313533356337653933396561653637
62356439356464313362646639653030326231323436653639363866376231643162616563633430
34633338333839396330376234616565316236356563613136343961313161316265666533626565
33396330633833386565333662393366623662323730623562343163323864656261376639323363
36343737303266326365613933313939613933333364326537636434623831623733343930626466
65386165656534346137653337653266353866363463626266393937646539383934323337656634
34356232393866616134653433353032383864343238393433333566353932616137613963646635
38323062383333363236373164336666663431633261383436396362333866396566353037373965
38366662643062633838646532333536353637383462316539383830653966653962643333396464
62666133343731386436643939363239353264643034326431326164613933323066323434636536
37346234663762386134373161373832636531356165303364643965633064336337313031616664
63333738323536323532386633333239396537386431353763656133366337646634383930666164
62623634343935613433366135666562346563313432643634333239386563663162643833353635
35313363366439326536313733316637616661613437343734393364616263353237393933623339
37363835633366656339643930316435303964393936613165633137623630333764363064653965
61643435623165396135613339303664653230366535346661656337383639353437356362326536
33663038623763386230646666396262316238646630323463383535393136313633633464343863
32303165356333663865396262386461633562633436396361613263623364343634326436383831
3932
