$ANSIBLE_VAULT;1.1;AES256
31313463313132616365313732356336373435323262376131393938336632653532306536376433
3134306639353231613033343565336634616133323238610a303736656336313161373865326330
33393165656439346430636430613161666130656163323531643836323231643633656133333036
6637613130333165630a313763313066353239383935373165396536616665636662626265303232
63623939646639643362636534336165356165373232303738373730616538303237383739306433
37643066633631653838363730323530353965663730343332623562393265623431663739313631
38363531613561383130663533383563653163353834393462373666616162633834316439333537
65326239316435303937333330376432313938323861616364656339646636633165663965633261
35326365303663393461393166666261653335366664373662643935626133666265663330343036
30666461643266323635656363363738623637393832646463373931646430363634346430356231
30386134323631626361663734343939393163616138356563373135663835633763626166323434
39316237326534336633303037633130333263396163373730386630643662636138386263363432
34326438373239396663376364633863333432656662313665623435616135613836653463366236
35613261373939633234643935323535303363336664363837636638343137393532623066313432
39383266613764656636323963313834353961663232613263613936343130333333663163363863
34383534306332656634316466393036623666313863353436326431353065616234646563373665
31356564306461356161303337326666306161646338326134633131313863383737633530636636
37313566313631363032653165393231376464386366303565383637303630373833316534366530
38393735343832353830643533646537626439643038386231376339373637633433393130393535
34353762353037656639353135616263376261373430656262333163363764343266646666666231
36346339663032396438333862376662356632383633306136626139316561643830346264383366
30336662636662343530666138396135306133633935383662636237643862326634663961646631
32616331383133623335616364323163303064303066616563363634366237386561313861396264
61363166613635333937393539623062653439616535323033303261346234333339666136333963
32303865303234316337306562376438616234366362313737326463323533363665383431343034
39643439383839613433646166303937393038316165353237636563353734633433363836393337
35356136376662383233656639306464353764386563633363366533373139383362356337383632
61333965316633383432636530376431643565343838653935613666353230393363323065656234
62626233623861306364356164363733323438373437636163353931653532626432663431383230
37653931393566633330623937643533333763633035313834623835336662346434653436336534
31383961376237616138363233303036323730663765336337646336643765343961336334393137
31656532343462353866653463313235343930646138386663623065666461353932333730653462
36306362626236633061633034373832666466653863636530663834366432313561336535366339
61343035373465616337313731633135643137313230643830306334313464366165356663636262
61663030343565376435306130393265616534323063373037323863663964626539353639653062
34633865346635366363383636336531376637643037633563613265373033626363356364323534
66353238623361636664643239636134653362303065393833313365643138373234666162343866
62636138366436373638626565643537393265356230633536666666366434346463643161643630
39356531383638356636346136636362643238633530623566326138646235636433646261633633
64316666616538633635343464363136666533646336313965336134373134626430386465393961
32663464636232646334316239356261656663373635636238366232333363333661313066323064
32393965343839303134616363336139393061346634303531343733316239643537626430613336
61333335343361663336643062623933326137316465323230343963373262653130313735363037
63646632333964656465636537633538626434303464663437633836626365383863333962333666
66363461663531353933373332336165363335616539313030323535306234653331323966363963
62616366373131626634366638346337633562643038393537623964353065396338643034393430
37663863353830356632653765306266653861626538336365316630393437623961646335303432
34656363616661663861363166613634646136306533653130623835616363353035386339323434
39386230316536653937643066663239363135313064636262303136303831323333313066333332
66346562646632386231396666306634353465623266376337363637353538323433616331326237
66623331363736376464666135303839346338353364393235373139626162613962383137366431
30346334646235626635326334353963356434356465303833663332376432313330353535663866
35333639666362323965353537643830353735626463383633373764323238623436393134313733
39386636633164373265376161383933386662343333393839623638306437393432613532383034
33646662613930646364623632363635326335386336636432343835343336646233623865316437
62383332356337363437353036643863313965623938643366626663353337653231346663313034
39343231336266356537316639373734616235313932366535353232366631613932653930393466
30343736636162663062333333653437353733306335383334343162306465636264353433663039
30393664646362313737376562363737633764366539306166313039393761333864626461643835
38666631383236333261636162643830623339396666666366393966303664346438393839363262
61376364306439633861653037633832373765653333643362383531363138633963366435643533
61313638343739383937616337633635613663393132303431323562383664343466393332616637
61623033663530336537643630633333663738366532363034316561303033303462396263326631
31396363643166386333383531313363383066356666633138356131393935363438376531636132
63386636336437386332623664306262303639303235393739373766393434323366353435393965
66663166396135636461626666383732623031306665323337303332343631663232373730383536
65333633643437616231626237636339666130333162343135623165326133353339393563653862
62343130633932613137623033646333663231646632373832613536393637313062386437316663
32396264373038306137656634383361343138353130613766383336316134616332663232663865
32343036346166643463363763356432633431326637656631356361373964623834616637353965
36643334303136346334316238666639306565633033373136383865373839363430393537346363
62663639666139333763663531623035346239636638626332376137393762326333393538333761
32363535373530356636346139316238356239313934613633346666336637383939613061333831
33376362653832613862656134643065363435643536623438666432663165653335643339343639
36353861386436653831333162313138326539313730386163316635323064393961313139366431
37356263343262353031316165343630633565376536303062336435396365663138626639326161
61306637323561643132626630386638666635653165666433626564363932346233623565343532
32313833336230363438366336303938336539636266616165363030396365373738373862343537
62613930633031633664343962623033666333643636653366636634323062313933393335383366
63326634363964663566343332616538356438313135613939383033363632393432663466383336
62643236313663303663623064353130623763353139653630363965373738653438356562363335
33623061336136343561313466336562653635373563376530336264373937633130343336323333
36653930663633326630663134366536346363653635303735376234376536363037313765303537
33366665323139366666376163636231373831356466363431393233383139616163616532376332
35323565643934333861663634383664376134626462636263353438656465653732316233313730
62363163643961336261336136306336353535363633333837643761663235653966303462343833
62623937343830633835346164383539653565383866383366663437376239396338323936643631
31623862393134313538653062633263643037616539656339396130643634666361653735363835
61656235316636343165333437303466313861663336336539653238303339616539636661656631
36646661383133343866306631366131633030626532636234393238366638303932383734393338
31323732343134616432363964363433653965326362346435653363376464333664346133333632
39663463313735323234373637653032653762613531633132306166343232636238636538613632
3334
