$ANSIBLE_VAULT;1.1;AES256
66366263343964623362333234343465376463663839363733313335323662613539356462653639
3736656634366663613636336137343365356431333332610a313861326533646136313564653135
62313732376433396363653533663662666632376133623536306631386131353463393937343630
3534663033323237610a623835363964663465303665343066343833353335323362316364336631
63353531656538343532333538613065663331663133303334303665316136396162613836636264
38643663633832613032623963353430376236373332303064633737633632666137343230313832
61306438383431303930333736653533383766396564646338363063653739383836303965313336
32633961303132306161316662656634353830326263313837636430643833623132306331653033
61656366626435306266303631356239643233643366656366366261653134333332633866383865
64306134383138356162376533363832336365376530633463366538383731333837613336353037
31303466373265396537316561316236653137336364623130313966356362323964653932353134
38306334393637373630653534343735363935313566366461653734396232343439613236353466
66373936393365623064643633633566363937316663326437336663353338633536303463623030
34393262633933613538373936313330343861636139653332346130373532306537323566353934
38613936333930306464353065346364643361616633313934646438643061643634323334363865
35303131343866363834363931346231333739633039626139396232356636303264626363366539
62326538636639393632636339376339346532653932303638666634326166306562326163653234
63346530346235666266376232373533383332383634336562653763656238373262636533613261
62376437633039393634346639326632393632393338333264306131356462653730303666663266
34333331393563393839663663383366653431373565366432633565313934323437346465343936
62653935383430366261376665313831313030623139363761303631613862333432316435313736
30353761313736383338613637386332356536313161623338613461373165363566636237633632
66646238346365386461336434663330393365303037313661316332326138653465643333636466
62303461616230353063643039616437383533643135613438366463326539343334663262656561
39313861623238333837336334376238653961383334393435653463633864306130393130313530
65336462386363656166333165386261326465636162323530663833366565376566663633303434
32386266386535326236336265633631373133383966363233636635373162643363306534336533
38636363626638363032323936333636626233633235663735316130336662313038366431343765
62313261646637623363383533373135623133623266626361303438313334636130386563643164
61643464633862666137343734383939616330333732306234663136373963313235633230613738
30616437333634383339323566666639656665343466336266643163646535656138323665616533
30623064333961663966653739613330393261643266653462646362613633646631323932613566
35626236363339636131623235376437623739313230346562643062373961613130333866653865
64346131396664653466613565656339363662626362633339396635626134376162303861653034
37393236623565373134613631643062663962343238653436376331363233363836643765643266
66336566376663303139633437353734393335633366633932376134653539643837623733613232
66346364653932336264323331613135333864343365363730373632663038616430633538343035
36363535313433613766343162613432623061613163303731653531663337636334626539323937
63363336653363646435383165323331373162323436643936623663613133643764646566363135
61326161303331633465316639626230386230643432313965613366333538663036306235666536
61346134396430653965386163366661333963313530653331316239613864623034316531303866
37393061653632636161373865653265333936313535383635626530666233633066633166633864
39333461363632636635653766346436636634636466653432393064356236333335646666356262
64393834336161306437306562356237323162363537636635383835386432373439343335326539
64363331613339373363623862343836376632366566333435333839323464666331316230356631
66663639663635376136323233396331383031333832383735363933313032616466663238343936
66303462666632383834343531396630616638643830333931313262353866353330616561313130
30326636653364666636376332383537616639646464316262663038356166646138323962626333
39363762383531303936623631376135656235323865653664316130333830353164646561363033
65666666343330386631663332323631646633303163316163343334373334326133663234633630
39303232336634666264373037346236323139393839656331663664373232343365383565663461
62623538623731353437323233373234656561346363336465386337373063653661613666353931
35646233363634333564643965326534383738356563313661333864633332303862366162633663
65623334393766383738353931326262373139346366303739323538326539653065373166633132
32316430613635663766663064656331323833343766653466623336643239623932333462313839
30613030353132366162636165323031653563326633396537393634373737646533613133313831
63343230373233623335613239626632363464333437356162343164363139613938663564663339
32663330323661636436383664303962333264396637393737306338643133373332343564393632
65316463636634646637373636356136626463316430376636306366366663333461616534663062
33373934386536613438316431303765623638343165623336343230633930313336376534623137
30376637636564666236656334313661333765626238336636373865316133336531633963303932
36353938666337633331313730333837313261326233313639633766616533343261373062306364
39323933653162336165393237623834373935363761643966393063333461653263633331653465
66306665376464353433323564616461316464616161653433333464376163356432316136333535
64623864643566343565386538666365666238663834653334353465363665663237633938636637
32366661326435333536376332643235336330353038313766363132393935383931363537653336
63323061633662373430366239366435643233336532636264656337626166326639633239313363
32343566613231333561386235346430393936333565663930376432656134663932363963663730
38626461323561663536623737333262303663326464616361396362376335336463313733373230
33383034373634306163313462666130336463663436386264346338306137313661656664366137
64643762333664663565313232653933343838613163336436646537623062303830623266376133
30623161663763653463613361366639623836653237643761373465333963663564643534663962
32653763633664353437383863333964316361616631666231353266643963316461353966636539
37376338646130663130363635393163646436633331373130313463333133396266386635623434
61616637306432613764316466343461653939346366636332303931343261383933313734393832
65343939633832633031663537633431653366336233316663303964393737393836303761366635
65343537343439656237373862626438646537393761636465663238666265363038623736623136
39333931373336383565633366666534356135343363343938643237663466373864643738323639
35613862343431363233386666336365646533346366633233663932333565313165663533373335
36336434323939343861313934373236303933333162373534303432373266376336323566626566
33633239393632646337653338326165393761343435663366303261646366303530343364663066
36346332353061383837313638383761653264393462373665313762306230313663366134666130
65356635656131383962643265616438313862373865326131663566633935343431386337386433
30636234316230626134376337393965343231613261303831386361653237656666326265313664
38323538306135396333623736666564623437383165383734386138303066613238633539616431
36323336666236663762393465626330626561356339396338613566633831303062326633346465
33666234383535623032653062376239616136613965346131316139343539393966353263616139
32336265343839623338
