$ANSIBLE_VAULT;1.1;AES256
62616461383361333733383062356431636439613261346466343863313165633234633038646264
6132363965366534643134616136643938386366613933640a313030613333626636626534623037
35356335646263623762353430633737336132383030633730666430363235633430633965613137
3233373866386566310a343665646433353736623639353238313634333735663537323232353261
66383933393430656238373137643264343731316666393139383232303562393233303164363136
36396165333635313766356665323464303034643764636339326233636562613161306165643139
37646530653137633538383464633539663265396230633665613836656530386333653464396336
36646266313035346136613437313238356438646238303039326361636666646664333438623863
33346534653661356363623566666338383337663735343436393737663037316231396165326532
61303966363233343436616665323733313766336133626263396565643631393236643537313434
66316338623437323037343130323037326431346335393737643366386237666138326232643635
62623537393365353036623366393737333262613335343138653134343362663138616535373630
34656633306436336538373261316234646339366338396633623332656633336261386535343631
65303739303239626166616566633166393038323537303966383834323438656633383838616237
36396433363163643534613837373835646438393333643362393764663730386234326238353538
62306331343637333230636466343165366562356265396332316232383662393261363364386432
65623039666130373933383136623936343932356135663261656462636235333135646265613863
64326562616464356336343430363233626633623366313733323663666236613334373365346334
34346261303562643138346265303230393166633938653432626663383636663065316530353036
38323133343662343966356531636139383965366633343838313364323032383435636532343437
64316663376564636237353930646566393730626330333831356633656566343437636434363838
31323031393264353331346537653534303661616161333166383936636239386432623764353965
39656333393931656331306362383736343033616234643537386539383838303735663763376436
61323039386133663462656465396130393064393438633866383664306335333133383336633665
38303466363833616439643733386338316664373461393066326135383831303535363263633865
31336165326637393262326564393933323432323338356339383933376539393135396639663765
35613538353832666662663630386433313937643064653837653465353637646235313765366138
66323430663930636530656561316434316263643966336332333061376665373564393734333965
35303039643866373138326631663039343234646335316266643835356664393663336131323535
61663731666238666463376234656130633238643933376533623564646430373836626131646334
34623562663563366164653864336633333563613231363430313438616662613761326462363237
34633937643664383438346661633764396434376339643031643164616431353835646264366438
64343066383136356566343639663230646231653231356133626266336631386562616531333064
62386236646339356435626533653935383435633136613532653036396138356233656537656637
33333937613166303537653438396133386635313131656334303661363564303536303765636465
37396136313862346633396137346433333637646366336264346663383038643736336338306237
61356466646463623964356539326637373136353639376131653065646337653431303534336563
33326464323239366237623732623361646462626563356538646639346163373532643333346535
66643439346365353063373362643733616338383334343061343765363531376139303566396666
65353939356534336463303738656637383436323135383462663139376563303361656630343836
37316362336639386636303065663262333432363432353438386161396466636538363333623662
35666537383965303433356664663164326639333238336563616632366632353162303831336566
32393336363431303535313231336533313435616434663866636266636662646366323363666533
62363861373130383964626361343830636438386666306333313236353436663865373535373339
36646561303736366262353738656532643333393561323639636161393265393965363061613434
65303739326362333861623033303862336434663434376639376365666332386236356531323136
37356562373163646634303437343564313265626139363833646461636464616638613737366662
32383337623763643430616261616264393138363562303763656164336266343235613266613036
36393534373064663438313034653665356532623161346637353562393330343865616138303132
64643065356535326162366336626531393730346535373137306539326534333634623365316538
65646665393562303237616437333030616664666639653233623131613164653663393132653633
66626566303231306566393330326562666538306635326539393633643437363437333036666366
62623263373061343565653936626364326139363534343566373963656263616665643664633732
30623064316165353563616430666363626232626561323430633839353061383938363562626337
31346531333837613338633963623833666637353330313038326333616230303639366430663033
64323938346632623234623033623164326135633632333165653164363663346666653163306138
32306364346530613034336633343736623136346133303233633631646533363536373436383431
30663339623230346662333735333534643563663862363639396333396434636162363265336464
35323238633861633264663862613464613730336435393830393966383638643663636561363134
65613237313237616435353765323266653739653362636631343437633661663862656236386163
30666663623565303232376134643662316637343933616230646264383666366534343939623730
39373865303931383263643562386661323339353862366331386461323463643730626633303336
36653738333365643533333833353361663265616137633862623366616434623861666633633730
65363034376237623436376662623466323664333730343161346530373738633233363965386632
36666130623932616262343866323434363065613561613835363333386663373565333530386630
39613163383164313938623732386330353266316161383232353636643061633831623131356330
35333836626663643838626630363964343866386633326231376531333866363038343832306466
63633933393332336239643839306537303139643933393736663031633834636135313833626536
37303066663230333731376334313933363266646332643465393234353636393834326164633234
30613638613336393162373464333234333436353466303135353530313063323161626262333261
30326662343338306161306530366466303736643762326566623334643139313962323433616433
39373634646235303266346236646531636264653536326337636136656666643761373339333432
66343730393963333137306130663036656338393035633061313139633264363438306161346165
65373337663333383966623366663363623835313036383936326131633238646230666431386136
33646262326461366365643561316165663331303836613766626231363636653935323265303033
61313265363765633530633939616361303236346463313863636337366133356535646138323737
39343936356364303832383566306130626462656262303738636530636263383462353430636466
34656534336137373435383239353166643133343938393361393965633731353966323032346639
31343363343935646635306362363931653964636130393235333266643537366632656339316432
39626431633864636236643962373262366663396235303430343437663561666433613362366665
66316532663864353131393635666262633262623933313534643534383631333936323830626262
64393236613532313437633031356230373531386662663765633236343030613565353263323634
34373566313266373463363862646230636564663431303437313539343361323932366438393632
62363838343534343230633234343433323861613465316663653361323966616635333130373434
63643263306635653831353666323836376435323731343237653236363334643763633362616534
39646562633661393166616131623631343638646161633364303636363431373962613562326662
62313864336235373061643336636565626232656630356633353362396430313366393938376137
61633465336230653164
