$ANSIBLE_VAULT;1.1;AES256
36333862363165613430303035353237383732346438366664613337633732306133636436663166
3464383332373664623836346439313165303539326261370a613266313238333333303761623237
39386564383632326363666436616239346130346563303632356239336261383263363966623465
3536363536626564650a366162323335303433633364396532336462313165393032386339663164
31396333636362613334663037373437626331623533613162646237633138393064366432663337
35373961666262616561656539373836316534306433353539313133653537376138613433383439
63323064613865353231323865373738346536363439316230376136623932346432666634653764
62356666373235313030366563316437616332343338396430333366613133636439326138623439
33653163333637306137373635306662616137663038323163633731343961336633353964333630
64616330343964313734393564313335646337636465636535656266666537346339323562373264
31306635323432366639396538633761663639303536373064383736363865336436336561393162
39656432633434383937326331396333373565626230633335313533663464643237373361363738
63623664363638643336303164636131383236663832623365396665663038376633326133376338
31626237326565323933623534323461663237393633613134643235613838386463393835643231
63326633623865623732613336633435346231306166303835366662363437643864343031653936
64316538323836363236646132643833386134633932326535613461306439363264336335396233
36623961656464646539613663353833366133323432303236373838366363356163346233326132
30333034643931396332633333333265353538636338656539636262636634346138363530393934
31623065306662616464653162363866393339316461663762643938633834353030623239346139
39393261303465626466303961386532363331623964323661623363646635653738316434313933
65646565396161303231353961383037393534633361363266373639656137363461356565646330
63353162306164613837396532623861636434303931646431393633346230653163633236326237
36363564376163383730376633613837356434666166356239666439386361303934376232656432
38646332646639636634346430623766623037303265383264313463333630316137306537626337
38613034366631616530663061333137363239343539383631333465663837306438656361643937
39383461323631636265343732663239336439306339633530306431316238393430306436306366
36666563383065343637666335333831623466653336323934633066316533346561666230613965
63343733303233633334613362376631326666383636623938366539333830376263333530386262
37323666626531313634373636353931376530373934323233303133333663396262323037393330
34323963363834373537663761306563333838643766343937653130363037386564646430653632
61333464643064366331643537363766666462343263373034303636613732343432303832353237
38613037613230323338373562353261623532386265376439303564346366613932646135373233
62663030626261393137656632393236383136353766613838353738386266376163326430383631
64396232363761646465613162393835303564623466373862613931366665376236303565643263
32653232666336373966636231623931323932393732353932346663356337306262633431323331
64376563663431633330643536386363336431393761313036363939653831333866376565316132
36666330623538656435653566616561623637363937356466313134653136366336633139636266
38366137323137393531323163343230316263613939353532383466303133316537656263613064
37396465306637313839613531643035653464366666396432653061663266646661343135303331
39383633303833666561373861373534646636613933616133303330353734326238313233373539
61396539313338383062333833303537666139346661633766623439666264383165336263313434
66313166633835363134613937666536346339323764326333313134333930376262643036653934
62306463323463336336333661386332386430616164346537323966323634316236653333366662
38636434663763333532363732626366373135306434396363656536333237326638663731393063
64393932383732356438313631653635656265666463383464623939346265303032616363396163
62636532346534393239613539346537613832306633663331343464386133653366646565376266
63383633646465646231373732386266393339333634636239353334303935323764643335383764
38353364623336303031323965656366386663666436626638363832306530333136373163326564
34633864353730396465313936306333666530663031383230623436346632666332383566646536
31343837313436623034656435636131346537353535646563616335326131626137336362333137
32653466386138633430656336343266393134643230613036613638306465373632643938356138
33626265363538383231346662656265373437633463613962643130316430346461333832303864
66343834633036623539333137313464316233353732306237646537383762656366333831643630
32633137393835316334613233663034333737366134626566623561326163613030663333396561
65656566633237613533356431616636643666643039636266663436393736636235616363633061
66376637653938636338663862326632353833316464373137613164363932613839663731323461
63343239343462646261623663616465393161333063656331646438653466653132393433656539
61356235336632306237653334353366633633333031656434613332653330613662636366346266
39626437386335636534663939366237383234653662633935663132323963353438326262643835
65643737313535303565636134373037616636386431323335343032643534646333613261353830
65376336383930643165613539653037623031663331316139613364643538353539333962363465
33333932386366633765323135346166643236613232333732363962346130376566613563363136
64373565366330393034663463616631666361656133396134656135616132643164633834393637
38303065393537653339636464666162333136666662376537326238366461633863646139393037
65343364366639333831623432373034383534366264346432643434353432393031333362613962
32363439666363623034623734326534623932613131303433613966353966356633323166363932
31326336386135393434366231616531393736373130383562373937303564323835326365656363
31663134353131333937336431393664366338636561356461613961393265333333323364643461
64653639623737623763646565663565386263613135353439633534633362363662316231393336
31633262313130333633643462653639326166636565376130393532383931653265393863333232
34666630656134383362373763623965363032333964636438303632393538356630616365396231
62636265666262366139376430623430323565633662323337323030336566646539356132303633
62343865346335313363663735396631333335383034373934663636666362366133383334643839
37653034383035373631663830303966313333313635386231613035383265313834323464613334
32346563313338643865646435363730633938356230616461643637633662373338383361356639
31613634643638383463386661353061303061346131656532646639333862393963313062313261
66323135623937303534643466373632616566313837383336336235316630663832333638373062
37633364316433623261323733316538383436323534313031393431313162353533313735363433
62653438663332336261613365666362393739373131343065336639336466393266336131366535
63666335613662656335373865666530363262303337643737646262666633626362343033346432
35336431383962303661623436323838356539306434616334396430663736653233323265343330
38343965376633383134343565333835373761353963333936326561643534353531616665303632
30376332393466363262633265616231663562363730666537383038353733646638313537666130
33393533343931363234666334666632343463613937323332363737636137656238336138333863
31303236323634653636333166663537313533346139366238323765633462646632633165643262
34646231383330303961336536386537613435653865666236363532643138393663313632396166
36396336633064656131643038383663666232313438636361396435326566613535313036333031
38313563366337626164346633306432656564376530323139363066653035313530366137613237
35303664313664643563643632656531306561393236376666316532653333633466643239306362
63376433396339653762646163653538306434313037643666616437383832306463623863653839
36336237383266373531653237366365643162633861613233663164366639623834626333623662
32646632316136626138306533316236316163613738373635653234333337626561373832333861
35336164316363323733376635396264396338316230643437663363653535376463356234336637
33626639643662653539353334613062393265376532666364636438326437356561303663653434
30343931393835646137383364643039646663366166366337663235616236633236383435313830
39303639303737373761646266393236613536353234646336353930383639656238323066383536
63373237383131636162336233623239366565613031666434373231366338666465316464663162
66313264333166633731313062363762623261363233313061333337666464656662623662643236
32663862386261326334343030616530643061636462613430353065643239653663616465386135
66373935373265353564643038376137346433373333393437323138656334336437323432326564
36656233613839623135363834333362346139643233306233653664306437353032326462363634
33613930323638656337393661386435323038323636656635376261373066306336366463343239
30636161666464386437636435336530343632643530326262633862643232323131393765346463
61353739656131373863643066383035623134616532623439353334643034326630386663326339
65613931396438393338643364646633353339343462383335303439353832333236313065653563
34323138366562363164393665653634636233653934613139383266313737343435643466333031
30633566373763366336653065343939633563653637363830396437326563346435303363346638
62376539346666666432316463623163663034643661366533313364323539353331616235396436
63633033303431303662333562346264653431623561656264323365303039396334346631613237
66626432353039326138363865333164646532326339363037643563303339646531313134396364
30303235653035346263383761376232343332653365633365666331663832306633393737623462
63323933636664346337663939303865323166396332363464366431366530386535383166333863
61353064346664333465623230633031316338386431336235336336656266333637313931306462
66643564616563636666326130346234306564363637333761326437666563326433353333643332
62333136386262393034636161313931636634626237366666616463316339336530303764306138
35643765653332363633393039336662646238393062323835356438333466346236306533663738
32376330336461646133666562383262613231306635653430376464303666343439666564623963
32636434323130643232363730666335326638616263663936363366643232646363653765306339
66393732306261306235333966613634623262333663306339633134366561356635356136366632
34363361383334326538353165633536313539613533356334373434343665356531643864643636
30323133363965376166373538633936656436346634356366316161656435653530346564653461
31326662363831623135326532343964333631633166346538643361353031613563343666366239
35303530323262336130626661653364653636653032326633666336346162376565353538323634
36343336336430303230316633333964306530386466366134313033313631626331383335326431
32646137636336656364636130653866656434666336343464643933376332366231373937363831
39326466636161333731353238396661653863623536623065313332303366393162656634386636
38393461393439623638633463306632363533666662333639666165616439646336353962646563
36353935393738333336353234633261663635646661313230326164373431343765613633393838
34303664383133323334353162663739623336333931623463663936616631373834666262306339
39623437653164323839643033366131636461366633356139653635633036633137636562323064
63653964343338663461356163383066323834393762316430313132343735666336653438373031
65333331353031373935373065623161386364656665643362613466613038616262663561303239
37316262633165353066613132366537386236323564396133633830306234383163346532623563
64313366323930373138316165393331636138303031396431616137373864646230353233316664
37653263663263303638366430313035336638376466666236323732663038663765626333613735
62623439366663316537
