$ANSIBLE_VAULT;1.1;AES256
34303362386636623964326139316361373962313535323163303666646466323438396336666532
3532616638313835346339646365353931656665366566390a626363383531323535313963393939
39316162393166306263323039373335323666393934386666326138343736646134333531336338
6330336231313963330a653861663334636432386261643239643130643231343235643839626535
61313733663636386237333536376139366137363631386332326138383238393738663266656661
38323665666365383139353938393831346661663665646332613561323236373263356465303635
39386637656664393363323939346233353038626436386265653234633032323532383631653166
30303130636663333637383762643062643036656431653365326634373064306135633263666365
65616233313634396130656661323266636131313233343563386363323739373439613766303239
30643530323936663564316431333932363935623038373864303966323039353262623363383766
65643731386337326433653662353330656361633132313063326331653338306239313261386439
64363832633365346363616662343235333632646137623339346465383463636439626535353062
62326136396338343964633764323866303461623162393432353333656535613539353834633235
65376564616161633033633031333934366434633263663734323935613532353265613334393432
33346139663834363030303866303666323938303139373766333833323262396662383938323637
66656562393633383335623933313934313162653139633633363766396265306432643666663963
31663036653732356538313630376638326231356630383436396661636533643961306265396336
39363734353831393538656566386662666134373634643337353261346235336165386330333762
35386438613032653232663064346134646230336338343365313133303932383065393365356235
37373462346363363332386365303763333937643432366663306561396536613731376634653362
38383234363666653662626238636335636435323963316638366131623337333564353539663536
31646563386364666636626264383930356362396536633064616139313537636437306636366532
62366235316463313435666163393630346538646461383131386262306561383934393931323030
62356436393864653038306366376239383334666434366135663630653564376363373966393636
66626338633032386465643162626466323264626662353034383234663032613963393935393566
39393066653737353432643636653962306537383937633863343435653239316136303764643833
61333434313534373434366637393732343037613165333765313939386337303338383437306264
39653134643431333561633765373432623039613762663362386132653461643239643563383264
64313630353730646230326361376530386234336339633564393036333331386632353863636134
39383835303762353136356333356362623065363666333038656538613639393530666138626533
61656662633535396462386461663066613563353762306463383030336433326231306432393533
64616134373564633965343163313538666462386336383233653561616439346561353130653735
63626565613166376532663738613332333734303364633434333237356235326332346666316434
32636137383763663335663361663039613062646533316433343137363132643465353266363162
64313239643965643366656237613839333736643663396166343137363466333339326563633736
32633638343531353165636162663866323835386232623733656661653537333037623130356164
63316333633136643332373239326362633631343636363932303664633330383834323866306433
38316230333462656432653030626630323565303065376362356534316466363136373065623239
62393564313532643739303737653637623335666237653765306338366230643538643635653463
63356139336261366332306439616533393530366664646435353965386538326663393133376433
62643835663030386234363032383862393964646235336139623661313838663164656234393264
64303164623739613565303839643462666137303130346131616432626461323935306536393065
34333835356464383333643965373835306564303564306534363166626336326662646439646533
61316336633435303938323939363038643266663738306635356635363161633863313435373164
64353537343037343939643266636439656461303163623531356133346636636134363933663736
62396465313138306161653539306266366432323039356436393433363537663934616535333963
32323831313338306638323165393430613866656339346463313339336330656532323637373963
34383035363665386532623431373830373666626561303833356537386632663066366561656138
32633634323465616435383633346434353863313366643863396332313866303836653433313337
39376233373562653837663963316532386134323936373061333633353134663164313161373138
32613731323361626661303365353438363432336665656631323035383363383139313461346239
31666535306466373435373964313362336138656664356130313862613332313363316538303965
33323964616332303535383931656230393138323932633536616163613036333431316333303564
32626264656463623833376461383664663765326237313339666433323662306236633963653732
31353131376433393836353636303166623762303565636533356337346565613333333339396437
61613166383461303463346333323933326261653464396464343237356566356562643732363437
39343737373962633730373036646333333463663130666632663636663663373166656434353633
66306335656133643935313861396535323263366665636462333534646139656366313430383261
62643161313334633437623637333762613733333563396661383935643062386362343261333134
33623537313066323833653066663037396438306663363831643937333361313132343533326635
38623831393833353238356339383238336138333430336431343266326439656338393161666237
62303565363265323161373536636231333861376536366532343132633732346362313131373066
38346638323762393066316431343565666361393237613739643862303364306466336130353365
64366362363234643039633338363666323330356137663966383934313466333231383965346437
65626561316235356363363834656537386234316430346466366534343464333830376136323462
65623831643230613662303165303664663835623861636137383239306665336237306638323636
61613430343831393336643037656166373464633737613539373933306361376665653665306564
36653363326164626664623330663263306432363763353764313237396430383632303362666638
33623439626363303465356536326631303432623562346132383563373762333233366332613935
61366161313133366633633333353037373765333339313332346138663531393934626330363839
38346332353663396538353539343265333365333737373036386631643433616232373537326236
38306533616236626565326530396562666337613462656264313339373066326537383365623664
63353764333039623739656561633966323161383466613837656564653164383464303334376431
30613336373063616366313566666436616336303033613333613865343264326463393031343638
33396438313261346163646139323763353139353265336666663534613033633733363434643764
39343462626531363431656436383561393362663561326366656435636232356439306161663333
61313638323262393039376632363530336461303035303238373135336662343066386564616564
33663264393465393262613363646262666532646538323365646530313133343837353130343064
37666162653462333962623039316465643535383132353662393632663731636466326230323636
30613832633064666264383538323930393739326165316432656232386261616362666538346137
31643236623163663337653633643466376135663966366564353364646436663634653232393834
37366637623862646635326538313031326263383430326138303037383137393639363638373435
65643862303133326137306633653931663866303064663134363961316566393166386131373234
63333533333634633961623863643632366366323232383636636166343864613663646161663339
62393437653832333339333939363332623534353936346235366138363737353633323737313666
39363365376362323061326366356661323331336235316231626163383030393666666263663836
33636664303336356562303438613662303830386331393835663564313862383964646466633962
39643764316464636364393037303139346633323764623137373637313939653632343439376236
62323131613234303835383332623466303531386239303139326162393435633737653931373964
65353030656362636134643030336266663863366236393665653931613162383738633466393139
37666663656361353437303931393036336337393934646538376136663365363431353362326262
62383031396137386332306330383364623966393939343835363763363063323534393264323364
61343738303239646635666363383530366364613232343763386163386231383563373630646238
31313332646231323338646331636535333532343735363338346339343632306332323865623038
65623362393361656331363638633165383534336331363838643464363961346563316661663463
36336232373264396665383330306133383337656335363534366530636366613165623931396138
35306633623439303831326337306132363731303433363936356466353164633631393131303533
32353832366639373462363565646637623563633230396462373963626235623438373861386165
34373735396335333238316238306632653765353363643039346537643564663531626165386364
62376639616363353132656632623339623938626331323230656239643531393235393064623231
39383836366238666462653237613030306566653030616265636361373833653532643461386134
64643430313161363134643839303262613264346636313338383963386364373334663430356261
65343831333532613066396364336536343231363564636464366162626335656266396532633866
39616161383563626463393933383665666266643633333364663862366330376239626362393633
35373430343131303265633535393932363536343963303264633538653363333838386634383234
65353865623962393031633636386366373134383735633033373538663139346633306234316664
38316634633065376562313935363732393136633966633134333434396235396362316431333861
63633737306462653639626164663437383061333737353966646262353136333361613963663238
39356563663032626566346334353938613931656562646632316432653861333739643430656234
63643063366363373035623932663438613130633166323632303165376634353532346361643239
62376266323437613037333336363866653363323934383236303437313134303362343030633938
37323165613962343930363138346636343165656330633463633637306130356264343730333564
64363063663263386361383733656665613733326534313864306561636266636438373631663664
65333737303965623134353630363837343038366639613363623235613464323334383933666638
65643338653237633662363435646331326435613531643134666437333366643433316662303163
65336661613439653535663063346361383736663338363963613364373334366639383162643261
62373330396164383661376261323561346462383336643339366331393537313939666163396365
61306334373435643536346266323931623261343535393934646165363561613737626634306261
39303466636163343639366261393666336533313530373434343537613661373462633634616461
64313431396366666434363762626461663035363231306335646531326162643963383733343563
31613562643462386166366263313130353564663762386335653339663362386662366563366166
37313437306331313735313735373636636163316630386535323063646130633663373964353732
30303134663535393361396130663161636634633963643261303063643438626165343761363263
65356365646633383431356433316531626666353531646633313637613330383431613937636430
36333033333532303431666562626536633830303536343961623565356464373363646661323431
33343035653066393239356534383638313539393265303564313434303962303538633435353331
64316135663564306530663930343034356162363664393633633261616334363461356563363436
65383332333734396637636466353336363038333331646430316362363936386365306561306663
37613661643434313565616332323065383465636563623361343635303362356165316437386237
62636532396134393835643031323663373466393431306238373465316137333735323465633537
36636330326136343535376661313838306638383365646166616561666661386266353239346666
38306530666261643933303532306131373035656336656635343865633466343034383362333439
38643531376338343865643139643039663835616631326565323234363061353661
