$ANSIBLE_VAULT;1.1;AES256
36623433663732623064386666646361303366343235663530666466653961616334623336613933
3166313533643634313839666332326166316435323232310a636239396665326632363965356331
62323765643264313436316130326531616164383532666239343361626363663934343433323061
3865353465646161620a623165383131343433353536633531353964386530363062666662613239
31306431373038666637613162306236313934626361316166343762646638393338326266636436
66653362366237336265333934636132653933323237613862316262626164366134623737363061
38333739343734613830383031653338313763653733613835643838633830353839376336313934
37633861663838643039376266353466356539333164363932633163643336313063613065373938
61313133373539636336353866303832346535336338363834636638626534333638343731633237
38373966613533333735663661396137666139626136636166636133633030356462656138373634
35653261323934626362613736356563646237613031613834316463646562663938373138323137
63383434376133366335303639366630656539333032633666616138306236633366653065386236
35653738663362323063343035336466613264623234653437613032626135363831393061656130
62313631633137373664386339656161393261633539323337613935623338616435383639643364
64663535323866623630653464306430633737346462363564323865633031663632663462333633
35383032356332393634363264336534393834353933653235653563643331313666366462613961
64346636623064396337636531313065623738633030343034663836363137653263353633376263
63313735346432376463656363666433656334633038636462623766303239396330346232663461
37393162626162353038383036663565383534366639343234356565333965393638383034626663
37626232313764326465666234633766643136363030633433343565343030613566363639336232
32373263333431646233353730343365333539373337653835623865336661356137383039346233
39303836313633363533633738363935656433323664353562643161323365633261333365653031
36653732336539396432653839313030306630363133643766366162613534313033613264366638
61376531633835663335366132653164656430393765383165373933633065363530343065653738
32663065386532613430393932663435323438383138346534343930323062326436613137643135
32316238626161663362643464656361326132303735626235373666363465373733366136396137
35623165343831313135323036636263613736666530663237356539376361643965326632333331
37326463663935316536383437346463346261326330666632643935363466653263366238353233
39356666303930646238363730663234326332326433653736393639313839363639313631396137
65393065343236303033353963616263633138633566383964386664633234613331303164366263
64663663653461613839623939393163356166366566396131383661363436663338656461646564
64643765306534376363616436616465353064346133396266303063323561303331633032643639
32633133353736326366333038336364353263373166663639316462376130623265383031613837
61373362306364646166303737383234306331353633666533306261363464323435383466613937
39663061383332383365656561376333643664386664626665323062393063386538653938643264
33323234636166323539373832316133653535393466666639353863626464656362386635623537
31646235343165313932313065636532616664393431316536343062306435323635656531383665
31643363623232373238333565376339643738653234333130653635343137666266386362623263
39643134623565613435323738626237346362643138623037386639353062356662386561623862
63316636653464366637323036313764326336663239326565306139623066646335393635616165
30313437333963373033316137383863393432336439343963353735323261333334666133636633
38363436363731613238623836396164663430626533616337666136623565323831373366373634
66633034666235393235656462303637383132306535666132323163613735333065316564343362
62636230643331373739353766323732653433326365333261663832643564386431393237316137
34613663363465346131663763613339313036353639353438666435333837626134336536643065
36626164383038616134343439306633626465643864396239393530376362653333613730643933
37323335656234636666346162333634353035336261666231333136643730346431373636613538
32313136363764356562623531313633313137333235613539343065653938643932653035653337
37643161393339386661323435653538623066356132313730353833336466366161636339306630
64393139613231363366643262366466343431616639383036653663373733373830666433333738
37616165663431363462643462373739353264333439353166653730633264313663643463666363
39646464363064303761633763306666633461333930373339346266303961353064616539613735
32343562653137656630326232656265336137333630313432613263633136393136383861633538
66616638346364373830626661353139626166626137316336343637623732613339383735316435
36383436356562316537366233393063386364336437653137643233666662316465393162333364
37646334386138643538336462616362373734346339373239646164656335343638393537363038
65363237643230613733363438313662333432306231623965343666666135303338346165353462
32383163663139643666653130373631303664373066396662383738396163306338626530623934
34643365653137663361316530653562376436616664393536646464353032316662356130353465
65666332613563663464386635363164643632336531633038373934333065616466313937643362
62326635303363626431323231323330373233323837306262633437316639336661353966363362
36366534613434323166653866323231383432343436383164636664333462663664623631306365
66353063373938346662326163663166373663343832346432333230366463636631636262653639
61666462626638353435303863343665306233363165366131636136336533613535613162646135
61656430333364643562363733333664363739363865396430333862393638633866613362613330
31656136663233313163393635356239323365333833356363383633636233373535303035613063
63643437363361303761393666393935353766336365323963643338316231356436323664663064
65383235323265623535363339643162306131333139393063646364313139633135353665643261
38376264643065633864343362316530323033633865623831336163313966643232623162323336
35336661336134303439356133376238396530303065343037376432616234343161626331643362
39376233326336316430646261393534393537336537653966646431346533393135646433633030
33343732643137303036636234313365633838313030643162646436303766663266636565356161
32306462306532656239373639643666353865636330343534393438616631613566353330346565
31343132326464636230633134323461313633343036613531313733386166643431333435316439
38666563316430326232643034326639636533303634343162663738383630323639353637343631
38366464383437346533303537623032613130643061383438306132623336356235336331333764
37356664376334323933373061663666396433633333613737343565653664336137653766326438
66333632626561323963626238636637393164393839323234663764303132396634386165313231
66306233393433313238333265363162653738613138333862626339636564376539363138333162
31373864366535396566353337326166636463346135613635626330646134666333303432313063
30303136343461343638303431333966313732323633373763366632353035383864353230366232
35373832643832366430363138373630363765363438393064333661313739323563393335356565
36626462616336333737343131626638356139353361313832323732653662353464653534356464
38616431393239316666373532353363363638613066366132313862316563333961656338323366
61613332376165616634326238613232623033666332373666323434383931346635386439356363
36383030636635356362613565353438613337616466343330663366333231363561373065333062
38396636373835306665353661663735383634616135666162363366663133313261646336383839
66376161666438316131633938623636666636626562343637316239396665663939643666626433
38363030306334313462663533646437323734353130646233346236613862616665626134366537
39656632663537653737646331373466336464386335363534386432636663336534346136626635
61303664653130373935356335346132376230336635363939623831616163393064613837333266
37313462393733643230636635613133373963353335376539643138383632623539363865383462
35646334383238336530333563306665396633353366373734653236323835646631656135386636
63353362303935346331303335633264333233383734663437656261373733613834343434663932
63373835333964363638373861366636373739633662313334343934303463653062646338643966
35363934323564623662373937316161623336396234623732373661333338623834636332363538
66356138343463656262633538303066383365353333333039656166383535323565363565383136
38636463333563643966373362396161393239303364373634336534383936316336376637326261
32393638356130376333373630656264356365643037613035343535653961376663663933653435
62616236646438643265643963383537306236656462346539366366343261616131623838313831
37333239373436653264383531373364333735396435383262663863373335393961653532366439
61363036633538393965643133336437396238333666326137303036353037616634326134313261
62616135383364363365636636643236666230373539643463386265616631306431326364323861
66346262373137643430303331346132313265353234663937393266333635663663396638303133
33353062663433373136363636363763653761323331356639313937663331643932663935376631
65613163653439363938376265363231353164346461386639373738666366653761636332313164
38613330326561343331653561653439646566316231373862346264383638303961643334643365
65623863363739333734336536396232363637636630626463653034393432353462376162363737
38663234383937616434396362383261333261666461643033666663303036313863616139633433
34623638633066633638343638623638383161326665383739653739343437613862656130333237
30323961326133613739303364313838376262626161393932366234303735313332383665646239
63623263646136613034346631343332376539343632383665343837653362336265393738636462
30323731643939313066663566616661356663313934316530313736363237353363626136626163
37316162373136313163333836303331303838303335396561356464656135656562613035643463
39633332383065663762616138336166396163663366396433346364323933363535613832653735
33363339353634373662323034653265663630623839613261623937303031376264643862633564
36356563386162646534366431363232643037373263613162333065633737613038633732626133
30643663653764323263353339393431343164303535396461333766623966643865653863353136
37626362666535303530356633333730313164626131323163653938653265633938623765326137
35353066323966336339303432643432663861643062346365323966666231663765623730383336
64386261343765396335613630393663336331376261616238393730326533653834626332643535
63346339373539613065313962303461383631666361653566333063303161353530336262333430
38636165313764613833326436353433383636333562613730643539353661623630323731313264
32363266363862666366306436663466356565623336613335633035666635313861653865316366
63393733636663653864386532613437306231323033623432626162363262323934643636643662
37363138366661616463336463306339373862663532376535346635356464393038386535636136
35636366613234323830393637666639333632303334333837633530663761393439643933636334
66313638313665356134653331623039653339636633316235383761376538393334333864346435
63303239636337363838303730643536353966653863386161306631636234336537616337393963
36636465663365366163373130636230633636643538613431623561346231363630363635353434
64656663353166613837636563313132613165313639366537636637386637353966653438376333
32656463323535333931633235633564323462653933626561323661306661636339363565656432
38336261333338383130313562356333326134626530633535343631306461393766393731336664
38656563666432346566353162666461666164653230346663616334363735623633623835346434
62646539373731393230663764303536316264383939306230323565376662346561366562613337
32643865373136393266
